-0.0559608 0 0 0 0 0
0.603936 1 0 0 0 0
-0.109201 0 1 0 0 0
0.485493 0 0 1 0 0
0.0342496 0 0 0 1 0
1.03292 0 0 0 0 1
1.27449 2 0 0 0 0
-0.432498 1 1 0 0 0
0.442368 0 2 0 0 0
-0.726743 1 0 1 0 0
-0.903406 0 1 1 0 0
0.507792 0 0 2 0 0
-0.13818 1 0 0 1 0
0.141743 0 1 0 1 0
-0.207076 0 0 1 1 0
-0.0546217 0 0 0 2 0
-0.192915 1 0 0 0 1
-1.04376 0 1 0 0 1
-0.910875 0 0 1 0 1
0.302155 0 0 0 1 1
-2.25829 0 0 0 0 2
-0.21471 3 0 0 0 0
1.10461 2 1 0 0 0
-0.313871 1 2 0 0 0
-0.738329 0 3 0 0 0
-0.40054 2 0 1 0 0
-5.27179 1 1 1 0 0
6.0707 0 2 1 0 0
-0.0179652 1 0 2 0 0
-2.46339 0 1 2 0 0
0.759753 0 0 3 0 0
0.350592 2 0 0 1 0
-0.696563 1 1 0 1 0
-0.283165 0 2 0 1 0
1.79293 1 0 1 1 0
0.250058 0 1 1 1 0
-0.776183 0 0 2 1 0
0.128644 1 0 0 2 0
-0.172839 0 1 0 2 0
0.0439672 0 0 1 2 0
-0.0127889 0 0 0 3 0
-3.05981 2 0 0 0 1
4.77651 1 1 0 0 1
-0.822843 0 2 0 0 1
-1.10697 1 0 1 0 1
-1.71196 0 1 1 0 1
1.80177 0 0 2 0 1
-0.52045 1 0 0 1 1
0.814819 0 1 0 1 1
0.397324 0 0 1 1 1
-0.130882 0 0 0 2 1
0.998617 1 0 0 0 2
-0.784944 0 1 0 0 2
0.964142 0 0 1 0 2
0.233089 0 0 0 1 2
1.35592 0 0 0 0 3
-0.546471 4 0 0 0 0
0.339539 3 1 0 0 0
0.705455 2 2 0 0 0
0.524675 1 3 0 0 0
-0.16516 0 4 0 0 0
-0.0893992 3 0 1 0 0
-0.297479 2 1 1 0 0
-0.577878 1 2 1 0 0
-0.978792 0 3 1 0 0
-0.19122 2 0 2 0 0
0.90464 1 1 2 0 0
1.97656 0 2 2 0 0
-1.02199 1 0 3 0 0
-0.400546 0 1 3 0 0
0.715586 0 0 4 0 0
0.0747926 3 0 0 1 0
0.0551871 2 1 0 1 0
-0.0689987 1 2 0 1 0
-0.26928 0 3 0 1 0
-0.158333 2 0 1 1 0
-0.050545 1 1 1 1 0
0.0848699 0 2 1 1 0
0.105344 1 0 2 1 0
0.125122 0 1 2 1 0
-0.127497 0 0 3 1 0
0.00766975 2 0 0 2 0
-0.0161734 1 1 0 2 0
-0.0239011 0 2 0 2 0
0.0536715 1 0 1 2 0
0.0463608 0 1 1 2 0
0.00684435 0 0 2 2 0
0.00578882 1 0 0 3 0
0.00139579 0 1 0 3 0
-0.00832827 0 0 1 3 0
-0.000404559 0 0 0 4 0
-0.660131 3 0 0 0 1
-0.484845 2 1 0 0 1
-0.548945 1 2 0 0 1
-0.725299 0 3 0 0 1
0.517949 2 0 1 0 1
0.554399 1 1 1 0 1
0.872651 0 2 1 0 1
1.33683 1 0 2 0 1
-0.801928 0 1 2 0 1
-1.14566 0 0 3 0 1
0.359432 2 0 0 1 1
0.209234 1 1 0 1 1
0.14246 0 2 0 1 1
-0.0915671 1 0 1 1 1
-0.1303 0 1 1 1 1
0.109153 0 0 2 1 1
-0.011265 1 0 0 2 1
-0.0426426 0 1 0 2 1
-0.132842 0 0 1 2 1
-0.0225797 0 0 0 3 1
-0.454371 2 0 0 0 2
0.639652 1 1 0 0 2
1.77556 0 2 0 0 2
-1.03772 1 0 1 0 2
0.670055 0 1 1 0 2
1.46463 0 0 2 0 2
0.330339 1 0 0 1 2
0.169143 0 1 0 1 2
-0.306805 0 0 1 1 2
0.0275677 0 0 0 2 2
-0.420816 1 0 0 0 3
-1.74991 0 1 0 0 3
-0.53555 0 0 1 0 3
0.153942 0 0 0 1 3
0.471567 0 0 0 0 4
-0.128322 5 0 0 0 0
-0.00336012 4 1 0 0 0
0.0779109 3 2 0 0 0
0.103513 2 3 0 0 0
0.0641388 1 4 0 0 0
-0.0464672 0 5 0 0 0
-0.0290769 4 0 1 0 0
0.0678537 3 1 1 0 0
0.0859556 2 2 1 0 0
0.00751203 1 3 1 0 0
-0.182323 0 4 1 0 0
-0.0316698 3 0 2 0 0
-0.00121808 2 1 2 0 0
-0.0432343 1 2 2 0 0
-0.192132 0 3 2 0 0
-0.164059 2 0 3 0 0
0.0929536 1 1 3 0 0
0.292943 0 2 3 0 0
-0.304248 1 0 4 0 0
0.34751 0 1 4 0 0
-0.116472 0 0 5 0 0
-0.0105009 4 0 0 1 0
0.0337067 3 1 0 1 0
0.0526217 2 2 0 1 0
0.040728 1 3 0 1 0
-0.00618334 0 4 0 1 0
-0.00445923 3 0 1 1 0
0.0201414 2 1 1 1 0
0.00786052 1 2 1 1 0
-0.0519805 0 3 1 1 0
-0.0430036 2 0 2 1 0
0.00680463 1 1 2 1 0
0.0103089 0 2 2 1 0
-0.0502463 1 0 3 1 0
0.0800647 0 1 3 1 0
-0.00887203 0 0 4 1 0
-0.000591282 3 0 0 2 0
0.0104018 2 1 0 2 0
0.00873116 1 2 0 2 0
-0.00848571 0 3 0 2 0
-0.00727705 2 0 1 2 0
0.00144155 1 1 1 2 0
-0.0101332 0 2 1 2 0
-0.00963225 1 0 2 2 0
0.00818213 0 1 2 2 0
0.00865478 0 0 3 2 0
-0.00122239 2 0 0 3 0
0.000631052 1 1 0 3 0
-0.00413393 0 2 0 3 0
-0.00130283 1 0 1 3 0
-0.00131825 0 1 1 3 0
0.00341337 0 0 2 3 0
0.00091122 1 0 0 4 0
2.93894e-05 0 1 0 4 0
0.00035504 0 0 1 4 0
0.000309656 0 0 0 5 0
-0.168975 4 0 0 0 1
0.0178644 3 1 0 0 1
0.112133 2 2 0 0 1
0.0952433 1 3 0 0 1
-0.0460874 0 4 0 0 1
-0.0708082 3 0 1 0 1
0.131653 2 1 1 0 1
0.135906 1 2 1 0 1
-0.107589 0 3 1 0 1
-0.0382587 2 0 2 0 1
0.251374 1 1 2 0 1
0.113791 0 2 2 0 1
0.237281 1 0 3 0 1
0.230848 0 1 3 0 1
-0.15068 0 0 4 0 1
-0.0151021 3 0 0 1 1
0.0330645 2 1 0 1 1
0.0328474 1 2 0 1 1
-0.0257133 0 3 0 1 1
-0.00107848 2 0 1 1 1
0.0512306 1 1 1 1 1
-0.0102977 0 2 1 1 1
-0.016277 1 0 2 1 1
-0.0197584 0 1 2 1 1
-0.00537971 0 0 3 1 1
-0.00373256 2 0 0 2 1
0.00588251 1 1 0 2 1
-0.010262 0 2 0 2 1
-0.00738584 1 0 1 2 1
-0.00952656 0 1 1 2 1
-0.0128207 0 0 2 2 1
0.00343104 1 0 0 3 1
0.00276337 0 1 0 3 1
-0.00842775 0 0 1 3 1
-0.000816824 0 0 0 4 1
-0.0927362 3 0 0 0 2
0.0368416 2 1 0 0 2
0.0345127 1 2 0 0 2
-0.126841 0 3 0 0 2
-0.130267 2 0 1 0 2
0.124819 1 1 1 0 2
-0.0353841 0 2 1 0 2
-0.614668 1 0 2 0 2
-0.530792 0 1 2 0 2
0.262407 0 0 3 0 2
-0.0231042 2 0 0 1 2
0.0115741 1 1 0 1 2
-0.0284081 0 2 0 1 2
-0.0687076 1 0 1 1 2
-0.0270739 0 1 1 1 2
0.00670061 0 0 2 1 2
0.0139958 1 0 0 2 2
0.0229897 0 1 0 2 2
-0.00998582 0 0 1 2 2
0.00249497 0 0 0 3 2
-0.0380895 2 0 0 0 3
0.0175357 1 1 0 0 3
-0.111523 0 2 0 0 3
-0.417638 1 0 1 0 3
-0.10614 0 1 1 0 3
-0.103648 0 0 2 0 3
0.0195432 1 0 0 1 3
0.0654416 0 1 0 1 3
0.00446138 0 0 1 1 3
0.00893978 0 0 0 2 3
-0.131041 1 0 0 0 4
-0.00469369 0 1 0 0 4
0.182632 0 0 1 0 4
-0.0261026 0 0 0 1 4
-0.427223 0 0 0 0 5
