0.1 0.1152
0.2 8.0735
0.3 8.0889
0.4 8.1015
0.5 8.0985
0.6 8.0755
0.7 8.0829
0.8 8.0929
0.9 8.0772
1.0 8.0900
1.1 8.5353
1.1 11.6514
1.2 14.2326
1.2 14.5006
1.3 14.5430
1.3 14.5278
1.4 14.5382
1.4 14.5810
1.5 14.5655
1.5 14.5739
1.6 14.6167
1.6 14.6384
1.7 14.6308
1.8 14.6820
1.8 14.6628
1.9 14.6669
1.9 14.6335
2.0 14.6916
2.0 14.6757
2.1 14.6771
2.1 14.6927
2.2 14.7174
2.2 14.7906
2.3 14.7985
2.3 14.8577
2.4 14.8173
2.4 14.7769
2.5 14.7505
2.5 14.7713
2.6 14.7547
2.6 14.7287
2.7 14.7398
2.7 14.6914
2.8 14.7149
2.8 14.7356
2.9 14.7364
2.9 14.7587
3.0 14.7981
3.0 14.8068
3.1 14.8371
3.1 14.8459
3.2 14.7986
3.3 14.8279
3.3 14.8496
3.4 14.8362
3.4 14.8533
3.5 14.8737
3.5 14.8910
3.6 14.9219
3.6 14.8900
3.7 14.9110
3.7 14.9363
3.8 14.9094
3.8 14.9846
3.9 14.9596
3.9 14.9937
4.0 14.9727
4.0 14.9696
4.1 14.9666
4.1 14.9134
4.2 15.6298
4.2 18.3666
4.3 20.1924
4.3 20.2560
4.3 20.2361
4.4 20.3815
4.4 20.3360
4.5 20.3127
4.5 20.3804
4.5 20.2769
4.6 20.3884
4.6 20.4109
4.7 20.4328
4.7 20.5477
4.7 20.5169
4.8 20.5365
4.8 20.5206
4.8 20.5688
4.9 20.5315
4.9 20.6105
5.0 20.5309
5.0 20.6377
5.0 20.6627
5.1 20.5850
5.1 20.5679
5.1 20.6278
5.2 20.6194
5.2 20.6150
5.3 20.6149
5.3 20.6250
5.3 20.6658
5.4 20.5975
5.4 20.6398
5.4 20.7066
5.5 20.7303
5.5 20.4979
5.6 20.9074
5.6 20.7358
5.6 20.6569
5.7 20.6946
5.7 20.6747
5.8 20.6952
5.8 20.7495
5.8 20.6060
5.9 20.6795
5.9 20.6689
5.9 20.6179
6.0 20.6365
6.0 20.6621
6.1 20.7058
6.1 20.6802
6.1 20.6244
6.2 20.6537
6.2 20.5691
6.2 20.6161
6.3 20.6259
6.3 20.5847
6.3 20.6012
6.4 20.5308
6.4 20.5860
6.5 20.6246
6.5 20.5893
6.5 20.6316
6.6 20.6938
6.6 20.6865
6.6 20.7060
6.7 20.6080
6.7 20.6813
6.8 20.6079
6.8 20.6339
6.8 20.6073
6.9 20.6764
6.9 20.6159
6.9 20.6480
7.0 20.6706
7.0 20.6694
7.1 20.6341
7.1 20.6491
7.1 20.5869
7.2 20.6001
7.2 20.6586
7.2 20.6453
7.3 21.1776
7.3 21.7633
7.4 21.7723
7.4 21.7334
7.4 21.7691
7.5 21.8036
7.5 21.7902
7.5 21.7997
7.6 21.7724
7.6 21.8249
7.6 21.8452
7.7 21.8439
7.7 21.9231
7.7 21.9310
7.8 21.9041
7.8 21.9202
7.9 21.9254
7.9 21.9512
7.9 21.9276
8.0 21.9459
8.0 21.9836
8.0 21.9762
8.1 22.0106
8.1 21.9518
8.1 21.9783
8.2 22.0273
8.2 21.9857
8.2 21.9669
8.3 21.9787
8.3 21.9464
8.3 21.9798
8.4 21.9888
8.4 21.9988
8.4 21.9758
8.5 22.0170
8.5 22.0203
8.6 22.0071
8.6 22.0094
8.6 22.0204
8.7 22.0176
8.7 21.9465
8.7 22.0499
8.8 21.8958
8.8 21.9662
8.9 22.0025
8.9 21.9463
8.9 21.9515
9.0 21.9813
9.0 21.9409
9.0 22.0362
9.1 22.1239
9.1 22.0518
9.1 22.0023
9.2 22.1073
9.2 22.0949
9.2 22.0303
9.3 22.0449
9.3 22.0959
9.3 22.0432
9.4 22.0336
9.4 22.0386
9.4 22.0031
9.5 22.0434
9.5 22.0473
9.5 22.0202
9.6 22.0623
9.6 22.0872
9.7 22.1581
9.7 22.1265
9.7 22.2267
9.8 22.2501
9.8 22.2046
9.8 22.2145
9.9 22.2265
9.9 22.1888
9.9 22.1557
10.0 22.1994
10.0 22.1968
10.0 22.1795
10.1 22.0910
10.1 22.1024
10.1 22.0929
10.2 22.1219
10.2 22.1668
10.2 22.1379
10.3 22.1047
10.3 22.0515
10.4 22.0251
10.4 22.0252
10.4 21.9405
10.5 21.9308
10.5 21.9400
10.5 21.9297
10.6 21.8805
10.6 21.9831
10.6 21.9294
10.7 21.9353
10.7 21.9070
10.7 21.9436
10.8 21.8730
10.8 21.9320
10.8 21.9177
10.9 21.9862
10.9 21.9270
11.0 21.9721
11.0 21.9519
11.0 21.9690
11.1 21.9662
11.1 21.9463
11.1 22.0119
11.2 22.0245
11.2 21.9886
11.2 21.9605
11.3 21.9789
11.3 22.0127
11.4 21.9741
11.4 21.9380
11.4 21.9501
11.5 21.8920
11.5 21.9634
11.5 21.8687
11.6 21.9725
11.6 22.0420
11.6 21.9547
11.7 22.0623
11.7 22.1659
11.7 22.1358
11.8 22.0683
11.8 22.0925
11.9 22.0454
11.9 22.0748
11.9 22.0359
12.0 22.0794
12.0 22.0018
12.0 22.0245
12.1 22.0202
12.1 21.9919
12.1 22.0568
12.2 22.0062
12.2 22.0128
12.2 22.0237
12.3 21.9220
12.3 21.9106
12.3 21.9820
12.4 21.9672
12.4 21.9581
12.5 21.9309
12.5 21.9298
12.5 21.8770
12.6 21.8999
12.6 21.8828
12.6 21.9233
12.7 21.9010
12.7 21.9724
12.8 22.0087
12.8 22.0148
12.8 21.9772
12.9 21.9247
12.9 21.9662
12.9 22.0076
13.0 21.9556
13.0 22.0102
13.0 22.0238
13.1 22.0561
13.1 22.0629
13.1 22.0459
13.2 22.0035
13.2 21.9958
13.2 22.0381
13.3 22.0853
13.3 21.9967
13.3 22.0180
13.4 22.0827
13.4 22.1107
13.5 22.0298
13.5 22.1779
13.5 22.2220
13.6 22.2474
13.6 22.2507
13.6 22.2723
13.7 22.2286
13.7 22.2137
13.7 22.2241
13.8 22.2769
13.8 22.2440
13.8 22.2839
13.9 22.2689
13.9 22.3492
14.0 22.2943
14.0 22.3062
14.0 22.2834
14.1 22.2779
14.1 22.2245
14.1 22.3076
14.2 22.2864
14.2 22.2443
14.2 22.2826
14.3 22.3235
14.3 22.3204
14.3 22.3154
14.4 22.3304
14.4 22.3323
14.4 22.3038
14.5 22.3688
14.5 22.3750
14.5 22.3044
14.6 22.3533
14.6 22.3375
14.6 22.2678
14.7 22.2803
14.7 22.2336
14.7 22.2953
14.8 22.3142
14.8 22.2923
14.9 22.2754
14.9 22.3471
14.9 22.2785
15.0 22.3463
15.0 22.3304
15.0 22.2732
15.1 22.2748
15.1 22.3030
15.1 22.2660
15.2 22.2564
15.2 22.2751
15.2 22.2882
15.3 22.2520
15.3 22.2613
15.3 22.3028
15.4 22.2747
15.4 22.2699
15.4 22.2819
15.5 22.3236
15.5 22.3178
15.5 22.2404
15.6 22.2380
15.6 22.2516
15.6 22.2624
15.7 22.3442
15.7 22.3065
15.7 22.3593
15.8 22.4139
15.8 22.4592
15.8 22.3722
15.9 22.4781
15.9 22.4509
15.9 22.3871
16.0 22.4690
16.0 22.4266
16.0 22.3622
16.1 22.3559
16.1 22.3548
16.1 22.2894
16.2 22.2501
16.2 22.2147
16.3 22.1263
16.3 22.2565
16.3 22.3591
16.4 22.4255
16.4 22.3651
16.4 22.4179
16.5 22.4136
16.5 22.4325
16.5 22.4125
16.6 22.4035
16.6 22.4034
16.6 22.4145
16.7 22.3386
16.7 22.3543
16.7 22.3342
16.8 22.3365
16.8 22.2780
16.8 22.3448
16.9 22.3305
16.9 22.3644
16.9 22.3297
17.0 22.3739
17.0 22.3314
17.0 22.3608
17.1 22.3756
17.1 22.3571
17.1 22.3400
17.2 22.3559
17.2 22.3396
17.2 22.3608
17.3 22.4002
17.3 22.4099
17.3 22.4542
17.4 22.4546
17.4 22.4425
17.4 22.3372
17.5 22.2902
17.5 22.3016
17.6 22.3209
17.6 22.3433
17.6 22.2820
17.7 22.2423
17.7 22.2694
17.7 22.3178
17.8 22.3239
17.8 22.3632
17.8 22.3739
17.9 22.4574
17.9 22.4816
17.9 22.5125
18.0 22.5023
18.0 22.4638
18.0 22.5442
18.1 22.4679
18.1 22.3728
18.1 22.4519
18.2 22.4006
18.2 22.3710
18.3 22.3223
18.3 22.3672
18.3 22.3324
18.4 22.3619
18.4 22.3963
18.4 22.2856
18.5 22.3392
18.5 22.3582
18.5 22.3344
18.6 22.3711
18.6 22.3720
18.6 22.3456
18.7 22.3486
18.7 22.3814
18.8 22.3073
18.8 22.3108
18.8 22.3124
18.9 22.3678
18.9 22.3530
18.9 22.3791
19.0 22.4182
19.0 22.4164
19.1 22.4524
19.1 22.4199
19.1 22.3458
19.2 22.4432
19.2 22.4188
19.2 22.3352
19.3 22.3934
19.3 22.3878
19.3 22.3226
19.4 22.3173
19.4 22.3590
19.4 22.2811
19.5 22.2289
19.5 22.2096
19.5 22.2287
19.6 22.2362
19.6 22.2148
19.7 22.1855
19.7 22.2461
19.7 22.0374
19.8 21.9688
19.8 22.0517
19.8 22.0843
19.9 22.0540
19.9 22.0653
19.9 22.1345
20.0 22.1195
20.0 22.0501
20.0 22.1418
20.1 22.1270
20.1 22.0735
20.2 22.0749
20.2 22.0510
20.2 22.0391
20.3 22.0021
20.3 22.0303
20.3 22.0733
20.4 22.0892
20.4 22.0960
20.4 22.1399
20.5 22.1609
20.5 22.0665
20.5 22.1304
20.6 22.1117
20.6 22.1370
20.6 22.0715
20.7 22.1577
20.7 22.0867
20.7 22.0647
20.8 22.1270
20.8 22.1153
20.8 22.1072
20.9 22.1274
20.9 22.1982
21.0 22.1921
21.0 22.1731
21.0 22.2775
21.1 22.2151
21.1 22.1349
21.1 22.1983
21.2 22.1738
21.2 22.1400
21.2 22.0880
21.3 22.1575
21.3 22.0974
21.3 22.1280
21.4 22.0967
21.4 22.1351
21.4 22.1047
21.5 22.1470
21.5 22.1010
21.5 22.0757
21.6 22.1350
21.6 22.1888
21.7 22.1819
21.7 22.1825
21.7 22.1784
21.8 22.1799
21.8 22.1466
21.8 22.1717
21.9 22.1227
21.9 22.1223
21.9 22.1155
22.0 22.1024
22.0 22.0963
22.0 22.0375
22.1 22.0624
22.1 22.0848
22.1 22.1036
22.2 22.1161
22.2 22.1161
22.2 22.0681
22.3 22.0708
22.3 22.0746
22.3 22.0558
22.4 22.0304
22.4 21.9638
22.4 21.9955
22.5 22.0245
22.5 22.0161
22.6 22.0088
22.6 22.0698
22.6 22.0343
22.7 22.0210
22.7 22.0336
22.7 22.0789
22.8 22.0275
22.8 22.0893
22.8 21.9100
22.9 21.9055
22.9 21.9024
22.9 21.8816
23.0 21.8784
23.0 21.8861
23.0 21.8404
23.1 21.8541
23.1 21.8398
23.1 21.8054
23.2 21.8285
23.2 21.7958
23.2 21.7466
23.3 21.7543
23.3 21.7868
23.4 21.8180
23.4 21.7606
23.4 21.8033
23.5 21.8567
23.5 21.8577
23.5 21.8531
23.6 21.8349
23.6 21.8247
23.6 21.8809
23.7 21.8909
23.7 21.8458
23.7 21.8578
23.8 21.8627
23.8 21.8291
23.8 21.8089
23.9 21.8968
23.9 21.8535
23.9 21.8616
24.0 21.8712
24.0 21.8684
24.1 21.8070
24.1 21.8730
24.1 21.8642
24.2 21.8068
24.2 21.8551
24.2 21.7183
24.3 21.7859
24.3 21.8355
24.3 21.7536
24.4 21.7978
24.4 21.7753
24.5 21.7565
24.5 21.7321
24.5 21.8069
24.6 21.7702
24.6 21.7991
24.6 21.7599
24.7 21.7450
24.7 21.7603
24.7 21.7542
24.8 21.7125
24.8 21.7446
24.9 21.7032
24.9 21.7452
24.9 21.6724
25.0 21.6927
25.0 21.6616
25.0 21.6543
25.1 21.5931
25.1 21.6619
25.1 21.6731
25.2 21.7018
25.2 21.7964
25.3 21.7373
25.3 21.7752
25.3 21.7802
25.4 21.7538
25.4 21.7474
25.4 21.7864
25.5 21.7380
25.5 21.7141
25.5 21.7204
25.6 21.6975
25.6 21.7213
25.7 21.6891
25.7 21.7041
25.7 21.7305
25.8 21.7018
25.8 21.6917
25.8 21.7673
25.9 21.7209
25.9 21.7625
25.9 21.9316
26.0 22.0678
26.0 21.9879
26.1 22.0353
26.1 21.9547
26.1 21.9644
26.2 21.9181
26.2 21.9382
26.2 21.9320
26.3 21.9535
26.3 21.9132
26.3 21.8743
26.4 21.9026
26.4 21.8936
26.4 21.7815
26.5 21.8777
26.5 21.9594
26.5 21.9747
26.6 21.9640
26.6 22.0437
26.6 21.9671
26.7 21.9811
26.7 21.9440
26.8 22.0326
26.8 21.9453
26.8 21.9653
26.9 21.9873
26.9 21.9914
26.9 22.0097
27.0 21.9981
27.0 22.0212
27.0 22.0470
27.1 22.0646
27.1 21.9742
27.1 21.9904
27.2 21.9906
27.2 22.0644
27.2 22.0010
27.3 22.0326
27.3 21.9548
27.3 21.9633
27.4 21.9619
27.4 21.9604
27.4 22.0104
27.5 21.9794
27.5 21.9681
27.5 21.9863
27.6 21.9866
27.6 22.0257
27.6 22.0495
27.7 22.0674
27.7 22.0747
27.8 22.0671
27.8 22.0167
27.8 22.0162
27.9 22.0316
27.9 22.0218
27.9 22.0988
28.0 22.1038
28.0 22.0941
28.0 22.1280
28.1 22.0882
28.1 22.0982
28.1 22.1241
28.2 22.1154
28.2 22.1300
28.3 22.1643
28.3 22.1247
28.3 22.1330
28.4 22.1121
28.4 22.0979
28.4 22.1452
28.5 22.1504
28.5 22.1592
28.5 22.0927
28.6 22.0888
28.6 22.2018
28.6 22.1716
28.7 22.1841
28.7 22.1596
28.7 22.1982
28.8 22.1463
28.8 22.1602
28.8 22.1443
28.9 22.1135
28.9 22.1708
29.0 22.1019
29.0 22.1492
29.0 22.2432
29.1 22.3021
29.1 22.3146
29.1 22.3168
29.2 22.3366
29.2 22.3664
29.3 22.3830
29.3 22.3729
29.3 22.3643
29.4 22.3944
29.4 22.3649
29.4 22.3622
29.5 22.4301
29.5 22.4185
29.5 22.3809
29.6 22.3337
29.6 22.3590
29.6 22.2849
29.7 22.2999
29.7 22.3369
29.7 22.2952
29.8 22.3217
29.8 22.3328
29.8 22.3103
29.9 22.3144
29.9 22.3164
29.9 22.3558
30.0 22.3337
30.0 22.3885
30.0 22.4155
30.1 22.4106
30.1 22.3568
30.1 22.3698
30.2 22.3698
30.2 22.3122
30.2 22.3225
30.3 22.2854
30.3 22.3526
30.3 22.3753
30.4 22.3020
30.4 22.3050
30.4 22.3258
30.5 22.3256
30.5 22.3011
30.5 22.2870
30.6 22.3051
30.6 22.3433
30.7 22.3394
30.7 22.2983
30.7 22.2905
30.8 22.2675
30.8 22.2568
30.8 22.2594
30.9 22.2490
30.9 22.3005
30.9 22.3116
31.0 22.2861
31.0 22.2977
31.1 22.2897
31.1 22.2956
31.1 22.3083
31.2 22.3415
31.2 22.3002
31.2 22.2899
31.3 22.2724
31.3 22.2333
31.3 22.3097
31.4 22.2446
31.4 22.2484
31.5 22.2694
31.5 22.2982
31.5 22.2674
31.6 22.3155
31.6 22.2905
31.6 22.2819
31.7 22.2265
31.7 22.2418
31.7 22.1967
31.7 22.2447
31.8 22.2862
31.8 22.2244
31.9 22.3196
31.9 22.2896
31.9 22.3031
32.0 22.2631
32.0 22.2528
32.0 22.2659
32.1 22.2775
32.1 22.2616
32.1 22.2333
32.2 22.2541
32.2 22.2143
32.2 22.2062
32.3 22.2171
32.3 22.2491
32.3 22.2301
32.4 22.2347
32.4 22.2683
32.4 22.2469
32.5 22.2973
32.5 22.2515
32.5 22.3008
32.6 22.3229
32.6 22.3580
32.6 22.3585
32.7 22.3891
32.7 22.4128
32.8 22.4287
32.8 22.4755
32.8 22.4772
32.9 22.5223
32.9 22.5953
32.9 22.5704
33.0 22.6406
33.0 22.6608
33.0 22.6502
33.1 22.5620
33.1 22.5748
33.1 22.4494
33.2 22.3809
33.2 22.3863
33.2 22.4548
33.3 22.4054
33.3 22.3978
33.3 22.3698
33.4 22.3808
33.4 22.3981
33.4 22.4083
33.5 22.3900
33.5 22.3815
33.5 22.4033
33.6 22.3823
33.6 22.4167
33.6 22.3965
33.7 22.3974
33.7 22.3808
33.7 22.3661
33.8 22.4019
33.8 22.3808
33.8 22.3199
33.9 22.3184
33.9 22.3303
33.9 22.3377
34.0 22.2094
34.0 22.2647
34.0 22.3001
34.1 22.3571
34.1 22.3472
34.1 22.3538
34.2 22.3611
34.2 22.3389
34.2 22.2315
34.3 22.2265
34.3 22.2332
34.4 22.2060
34.4 22.2394
34.4 22.1884
34.5 22.1934
34.5 22.1240
34.5 22.1639
34.6 22.2127
34.6 22.2078
34.6 22.2951
34.7 22.2449
34.7 22.2575
34.7 22.2739
34.8 22.2162
34.8 22.2073
34.8 22.2594
34.9 22.2539
34.9 22.2055
34.9 22.2738
35.0 22.2757
35.0 22.2776
35.0 22.3142
35.1 22.2645
35.1 22.3641
35.1 22.2941
35.2 22.3325
35.2 22.3566
35.2 22.2880
35.3 22.3040
35.3 22.3604
35.3 22.3334
35.4 22.3019
35.4 22.2987
35.4 22.3221
35.5 22.3834
35.5 22.3342
35.5 22.2646
35.6 22.2799
35.6 22.3091
35.6 22.3023
35.7 22.3157
35.7 22.3076
35.7 22.3022
35.8 22.2814
35.8 22.2675
35.9 22.2581
35.9 22.2980
35.9 22.2833
36.0 22.3132
36.0 22.2672
36.0 22.3373
36.1 22.2373
36.1 22.2300
36.1 22.2385
36.2 22.2906
36.2 22.2095
36.2 22.2548
36.3 22.2377
36.3 22.2136
36.3 22.1793
36.4 22.1963
36.4 22.1889
36.4 22.1159
36.5 22.1671
36.5 22.0830
36.5 22.0537
36.6 22.0905
36.6 22.0480
36.7 22.0500
36.7 22.1005
36.7 22.0689
36.8 22.0468
36.8 22.0873
36.8 22.1371
36.9 22.2364
36.9 22.1769
36.9 22.2062
37.0 22.1978
37.0 22.1940
37.0 22.1836
37.1 22.1765
37.1 22.1445
37.2 22.1594
37.2 22.2048
37.2 22.2045
37.3 22.2053
37.3 22.1912
37.3 22.0924
37.4 22.1686
37.4 22.1743
37.4 22.2189
37.5 22.2406
37.5 22.2767
37.6 22.2155
37.6 22.2557
37.6 22.3220
37.7 22.3002
37.7 22.3066
37.7 22.3025
37.8 22.2225
37.8 22.2822
37.8 22.2436
37.9 22.2326
37.9 22.2435
38.0 22.2196
38.0 22.2323
38.0 22.2701
38.1 22.2650
38.1 22.2846
38.1 22.3128
38.2 22.2775
38.2 22.2284
38.2 22.2292
38.3 22.2400
38.3 22.3200
38.3 22.4568
38.4 22.3298
38.4 22.3539
38.4 22.2903
38.5 22.2793
38.5 22.3748
38.5 22.3627
38.6 22.3214
38.6 22.4541
38.6 22.3916
38.7 22.4324
38.7 22.4357
38.7 22.3588
38.8 22.4144
38.8 22.4373
38.8 22.4150
38.9 22.4191
38.9 22.3930
39.0 22.3904
39.0 22.3274
39.0 22.4356
39.1 22.3988
39.1 22.3720
39.1 22.3841
39.2 22.4112
39.2 22.3839
39.2 22.4079
39.3 22.3572
39.3 22.3139
39.3 22.3197
39.4 22.4263
39.4 22.4397
39.4 22.3881
39.5 22.3729
39.5 22.3190
39.5 22.3468
39.6 22.3076
39.6 22.3065
39.6 22.2916
39.7 22.3369
39.7 22.3530
39.7 22.3346
39.8 22.3482
39.8 22.2777
39.8 22.3388
39.9 22.3159
39.9 22.2921
39.9 22.3089
40.0 22.2969
40.0 22.2558
40.0 22.2408
40.1 22.1910
40.1 22.2652
40.1 22.2864
40.2 22.3265
40.2 22.3469
40.3 22.3654
40.3 22.3910
40.3 22.3960
40.3 22.4056
40.4 22.4109
40.4 22.4090
40.4 22.4532
40.5 22.3730
40.5 22.3871
40.5 22.4406
40.6 22.3533
40.6 22.4332
40.6 22.4165
40.7 22.3795
40.7 22.4176
40.8 22.3820
40.8 22.3558
40.8 22.2821
40.9 22.2922
40.9 22.3217
40.9 22.2488
41.0 22.3204
41.0 22.3171
41.0 22.2879
41.1 22.2805
41.1 22.2533
41.1 22.2071
41.2 22.2070
41.2 22.2393
41.2 22.2870
41.3 22.2963
41.3 22.2849
41.3 22.2362
41.4 22.2795
41.4 22.2259
41.5 22.2553
41.5 22.3981
41.5 22.4789
41.6 22.4735
41.6 22.4693
41.6 22.4858
41.7 22.5194
41.7 22.5030
41.7 22.4767
41.8 22.5871
41.8 22.5811
41.8 22.6090
41.9 22.5461
41.9 22.5416
41.9 22.4868
42.0 22.5272
42.0 22.4836
42.0 22.4646
42.1 22.4718
42.1 22.4798
42.1 22.4583
42.2 22.4282
42.2 22.4346
42.2 22.4799
42.3 22.4783
42.3 22.4027
42.3 22.4241
42.4 22.3876
42.4 22.3749
42.4 22.3833
42.5 22.3599
42.5 22.4118
42.5 22.4425
42.6 22.3262
42.6 22.4352
42.7 22.4775
42.7 22.3960
42.7 22.4144
42.8 22.4140
42.8 22.4006
42.8 22.4237
42.9 22.3973
42.9 22.3914
42.9 22.4549
43.0 22.4733
43.0 22.4579
43.0 22.4652
43.1 22.4621
43.1 22.3730
43.1 22.4392
43.2 22.4545
43.2 22.4895
43.2 22.5099
43.3 22.5056
43.3 22.5171
43.3 22.5416
43.4 22.5581
43.4 22.6470
43.5 22.5726
43.5 22.6213
43.5 22.6099
43.6 22.6136
43.6 22.5890
43.6 22.6200
43.7 22.5728
43.7 22.5308
43.7 22.5242
43.8 22.5228
43.8 22.4582
43.8 22.5812
43.9 22.5067
43.9 22.5069
44.0 22.4800
44.0 22.5019
44.0 22.4963
44.1 22.5150
44.1 22.5226
44.1 22.5337
44.2 22.5611
44.2 22.5648
44.2 22.5338
44.3 22.5415
44.3 22.6522
44.3 22.6718
44.4 22.6003
44.4 22.6647
44.4 22.6602
44.4 22.6133
44.5 22.6392
44.5 22.7049
44.5 22.6477
44.6 22.6679
44.6 22.6636
44.6 22.7067
44.7 22.7316
44.7 22.8175
44.7 22.7876
44.8 22.8666
44.8 22.8752
44.8 22.9141
44.9 22.8028
44.9 22.8428
45.0 22.8325
45.0 22.8675
45.0 22.8659
45.0 22.9161
45.1 22.9030
45.1 22.9028
45.2 22.9038
45.2 22.8270
45.2 22.9195
45.3 22.9233
45.3 22.9092
45.3 22.8665
45.4 22.8285
45.4 22.7933
45.4 22.7706
45.5 22.8222
45.5 22.8228
45.5 22.8082
45.6 22.8248
45.6 22.8678
45.6 22.8589
45.7 22.8099
45.7 22.8925
45.7 22.8835
45.8 22.8825
45.8 22.8892
45.9 22.8905
45.9 22.8326
45.9 22.8624
46.0 22.8439
46.0 22.8663
46.0 22.8393
46.1 22.8356
46.1 22.8139
46.1 22.7781
46.2 22.6940
46.2 22.7458
46.2 22.6981
46.3 22.7209
46.3 22.7677
46.3 22.6771
46.4 22.7063
46.4 22.6885
46.4 22.6876
46.5 22.7343
46.5 22.6947
46.5 22.7112
46.6 22.7132
46.6 22.7497
46.6 22.7447
46.7 22.7648
46.7 22.7966
46.7 22.7522
46.8 22.7171
46.8 22.7354
46.8 22.7346
46.9 22.7085
46.9 22.7695
46.9 22.7287
47.0 22.7245
47.0 22.7309
47.0 22.7424
47.1 22.7627
47.1 22.7594
47.1 22.7382
47.2 22.6923
47.2 22.6507
47.3 22.6887
47.3 22.7585
47.3 22.7415
47.3 22.7295
47.4 22.7198
47.4 22.7007
47.4 22.6712
47.5 22.6784
47.5 22.6577
47.5 22.7486
47.6 22.7433
47.6 22.7157
47.7 22.6866
47.7 22.3096
47.7 22.0689
47.8 22.0629
47.8 22.0755
47.8 22.0109
47.9 21.9889
47.9 21.9957
47.9 22.0601
48.0 21.9381
48.0 21.9696
48.1 21.9581
48.1 21.9446
48.1 21.9619
48.2 22.0418
48.2 21.9482
48.2 21.9778
48.3 21.9762
48.3 21.9758
48.4 21.9439
48.4 21.8513
48.4 21.8661
48.5 21.8814
48.5 21.8966
48.5 21.8323
48.6 21.8203
48.6 21.8247
48.6 21.8519
48.7 21.8578
48.7 21.8716
48.7 21.8348
48.8 21.8426
48.8 21.8013
48.9 21.8603
48.9 21.8230
48.9 21.8367
49.0 21.7973
49.0 21.7584
49.0 21.8422
49.1 21.7920
49.1 21.8657
49.1 21.8810
49.2 21.8054
49.2 21.8429
49.3 21.8756
49.3 21.9409
49.3 21.9472
49.4 21.9209
49.4 21.9498
49.4 21.9262
49.5 21.9608
49.5 21.9892
49.5 21.9492
49.6 21.9615
49.6 21.9480
49.7 21.9534
49.7 21.9471
49.7 21.9753
49.8 21.9234
49.8 21.9608
49.8 21.9845
49.9 21.9848
49.9 21.9794
49.9 21.9916
50.0 21.9224
50.0 22.0122
50.0 21.9190
50.1 21.9365
50.1 21.9793
50.1 21.9751
50.2 21.8992
50.2 21.9288
50.2 21.9786
50.3 21.9562
50.3 21.9102
50.4 21.9451
50.4 21.9896
50.4 21.9894
50.5 21.9373
50.5 22.0038
50.5 21.9752
50.6 21.9970
50.6 22.0022
50.7 22.0358
50.7 22.0463
50.7 22.0610
50.8 22.0620
50.8 22.0690
50.8 22.0531
50.9 22.0384
50.9 22.0207
50.9 22.0904
51.0 22.1553
51.0 22.1535
51.1 22.1546
51.1 22.1217
51.1 22.1267
51.1 22.0830
51.2 22.1672
51.2 22.1646
51.2 22.1331
51.3 22.0990
51.3 22.0845
51.3 22.1550
51.4 22.0955
51.4 22.0282
51.5 21.9556
51.5 21.9219
51.5 21.9491
51.5 22.0400
51.6 22.0781
51.6 22.0419
51.6 22.0465
51.7 22.0313
51.7 22.0694
51.8 22.1357
51.8 22.1109
51.8 22.0751
51.9 22.0736
51.9 22.1161
51.9 22.0760
52.0 22.0530
52.0 22.0644
52.0 22.0438
52.1 22.0418
52.1 22.0367
52.1 22.0411
52.2 22.0437
52.2 22.0870
52.2 22.0392
52.3 22.0782
52.3 21.9703
52.3 21.9503
52.4 21.9627
52.4 22.0095
52.5 21.9377
52.5 21.9764
52.5 21.9834
52.6 21.9876
52.6 21.9862
52.6 21.9617
52.7 21.9687
52.7 21.9548
52.7 22.0265
52.8 22.0830
52.8 22.0850
52.8 22.0805
52.9 22.0953
52.9 22.0990
52.9 22.1075
53.0 22.1577
53.0 22.1330
53.0 22.1948
53.1 22.1663
53.1 22.1549
53.1 22.0585
53.2 22.1670
53.2 22.1178
53.2 22.0772
53.3 22.0626
53.3 22.0324
53.3 22.0574
53.4 22.1507
53.4 22.1783
53.5 22.1866
53.5 22.1413
53.5 22.1513
53.5 22.1112
53.6 22.1125
53.6 22.1264
53.6 22.1576
53.7 22.1409
53.7 22.1140
53.7 22.1740
53.8 22.1544
53.8 22.1028
53.8 22.1433
53.9 22.1431
53.9 22.1813
54.0 22.3272
54.0 22.3120
54.0 22.2256
54.1 22.2942
54.1 22.2751
54.1 22.3098
54.2 22.2685
54.2 22.2265
54.2 22.1211
54.3 22.2142
54.3 22.1953
54.3 22.1850
54.4 22.1839
54.4 22.1455
54.5 22.1950
54.5 22.2512
54.5 22.2831
54.6 22.2465
54.6 22.2933
54.6 22.2631
54.7 22.3217
54.7 22.3606
54.7 22.3974
54.8 22.3861
54.8 22.2903
54.8 22.2443
54.9 22.3034
54.9 22.2391
54.9 22.2254
55.0 22.2304
55.0 22.2099
55.0 22.2050
55.1 22.2763
55.1 22.2065
55.1 22.1932
55.2 22.2469
55.2 22.2052
55.2 22.1958
55.3 22.1872
55.3 22.2513
55.3 22.2570
55.4 22.2485
55.4 22.2492
55.4 22.1713
55.5 22.1382
55.5 22.1958
55.6 22.2421
55.6 22.2725
55.6 22.2087
55.7 22.1617
55.7 22.2008
55.7 22.1791
55.8 22.1407
55.8 22.1182
55.8 22.1809
55.9 22.2035
55.9 22.1351
55.9 22.1525
56.0 22.0965
56.0 22.1751
56.0 22.1620
56.1 22.1731
56.1 22.1125
56.1 22.0966
56.2 22.0993
56.2 22.0890
56.3 22.0140
56.3 22.0374
56.3 22.0087
56.4 22.0359
56.4 22.0201
56.4 21.9266
56.5 21.9125
56.5 21.9891
56.5 22.0268
56.6 22.0407
56.6 22.0158
56.6 22.0582
56.7 22.0890
56.7 22.1223
56.7 22.0618
56.8 22.1253
56.8 22.0767
56.9 22.1492
56.9 22.0478
56.9 22.0859
57.0 22.0831
57.0 22.1128
57.0 22.1406
57.1 22.2105
57.1 22.1984
57.2 22.1903
57.2 22.0849
57.2 22.1177
57.3 22.1283
57.3 22.1666
57.3 22.1372
57.4 22.1619
57.4 22.1549
57.4 22.0952
57.5 22.0763
57.5 22.1215
57.5 22.1152
57.6 22.1179
57.6 22.1090
57.6 22.0675
57.7 22.0770
57.7 22.1583
57.8 22.1293
57.8 22.2109
57.8 22.2053
57.9 22.2239
57.9 22.2032
57.9 22.2273
58.0 22.3224
58.0 22.2912
58.0 22.3719
58.1 22.3642
58.1 22.3996
58.1 22.4370
58.2 22.3977
58.2 22.3625
58.2 22.3290
58.3 22.4234
58.3 22.3126
58.3 22.2309
58.3 22.2530
58.4 22.2047
58.4 22.3069
58.4 22.2461
58.5 22.3214
58.5 22.2514
58.5 22.2619
58.6 22.3085
58.6 22.2936
58.7 22.1989
58.7 22.2707
58.7 22.2075
58.8 22.1663
58.8 22.1842
58.8 22.2078
58.9 22.1444
58.9 22.2587
58.9 22.3059
59.0 22.2571
59.0 22.2781
59.0 22.2907
59.1 22.3055
59.1 22.2787
59.1 22.2811
59.2 22.2991
59.2 22.3101
59.3 22.3556
59.3 22.3017
59.3 22.3321
59.3 22.2789
59.4 22.3095
59.4 22.3085
59.4 22.3218
59.5 22.3030
59.5 22.2988
59.5 22.3103
59.6 22.3895
59.6 22.3527
59.7 22.3797
59.7 22.3622
59.7 22.3843
59.8 22.3393
59.8 22.3254
59.8 22.3035
59.9 22.3058
59.9 22.2871
59.9 22.3098
60.0 22.3035
60.0 22.2904
60.0 22.2790
60.1 22.3014
60.1 22.3011
60.1 22.3236
60.2 22.2890
60.2 22.2543
60.2 22.2443
60.3 22.2653
60.3 22.2159
60.3 22.2421
60.4 22.2268
60.4 22.2386
60.4 22.2518
60.5 22.2791
60.5 22.2275
60.5 22.2108
60.6 22.2232
60.6 22.2459
60.6 22.2215
60.7 22.2011
60.7 22.1914
60.8 22.1895
60.8 22.2397
60.8 22.2188
60.9 22.1942
60.9 22.1714
60.9 22.1883
61.0 22.2126
61.0 22.1986
61.0 22.2183
61.1 22.1708
61.1 22.1983
61.1 22.2072
61.2 22.2816
61.2 22.2314
61.3 22.2196
61.3 22.2692
61.3 22.2953
61.4 22.2586
61.4 22.2249
61.4 22.2145
61.5 22.2272
61.5 22.1970
61.5 22.2459
61.6 22.2245
61.6 22.2180
61.6 22.2507
61.7 22.2479
61.7 22.2279
61.8 22.2308
61.8 22.2876
61.8 22.1945
61.9 22.2060
61.9 22.1525
61.9 22.1999
62.0 22.2731
62.0 22.2643
62.0 22.2570
62.1 22.2314
62.1 22.3204
62.1 22.2881
62.2 22.2999
62.2 22.2163
62.3 22.3177
62.3 22.2926
62.3 22.2405
62.4 22.2033
62.4 22.1742
62.4 22.2152
62.5 22.1809
62.5 22.1981
62.5 22.1197
62.6 22.2365
62.6 22.2029
62.6 22.1978
62.7 22.2349
62.7 22.2513
62.7 22.2376
62.8 22.2854
62.8 22.2384
62.9 22.2244
62.9 22.2531
62.9 22.2053
63.0 22.2769
63.0 22.2532
63.0 22.1678
63.1 22.2070
63.1 22.1800
63.1 22.2118
63.2 22.1879
63.2 22.2359
63.2 22.1498
63.3 22.1783
63.3 22.1655
63.3 22.1592
63.4 22.1504
63.4 22.1733
63.4 22.1757
63.5 22.1553
63.5 22.1337
63.5 22.1200
63.6 22.1612
63.6 22.1367
63.6 22.1906
63.7 22.1564
63.7 22.1334
63.8 22.2268
63.8 22.2065
63.8 22.1472
63.8 22.1919
63.9 22.0983
63.9 22.0813
63.9 22.1049
64.0 22.1502
64.0 21.9972
64.1 21.9970
64.1 22.0705
64.1 22.0550
64.2 22.0305
64.2 22.0543
64.2 21.9163
64.3 22.0019
64.3 22.0119
64.3 21.9184
64.4 21.9682
64.4 21.9739
64.4 21.9615
64.5 21.9306
64.5 21.9767
64.5 22.0464
64.6 21.9636
64.6 21.9563
64.7 21.9947
64.7 21.9298
64.7 21.9905
64.8 22.0150
64.8 22.0275
64.8 22.1003
64.9 22.0830
64.9 22.0211
64.9 22.1077
65.0 22.0483
65.0 22.0974
65.0 22.0738
65.1 22.0896
65.1 22.0566
65.1 22.1345
65.2 22.1076
65.2 22.1353
65.2 22.1094
65.3 22.1375
65.3 22.1107
65.3 22.1135
65.4 22.1565
65.4 22.1612
65.4 22.2201
65.5 22.1765
65.5 22.2192
65.6 22.1710
65.6 22.2026
65.6 22.2073
65.7 22.1542
65.7 22.1682
65.7 22.1399
65.8 22.1679
65.8 22.1582
65.8 22.2365
65.9 22.2168
65.9 22.1913
65.9 22.2641
66.0 22.1998
66.0 22.1986
66.0 22.1882
66.1 22.2356
66.1 22.1753
66.1 22.2342
66.2 22.2582
66.2 22.2805
66.2 22.2472
66.3 22.2586
66.3 22.2297
66.3 22.2965
66.4 22.3508
66.4 22.2772
66.4 22.2379
66.5 22.2463
66.5 22.3225
66.5 22.2426
66.6 22.3307
66.6 22.3340
66.7 22.3325
66.7 22.3361
66.7 22.3943
66.8 22.3573
66.8 22.2867
66.8 22.3340
66.9 22.3451
66.9 22.3470
66.9 22.4031
67.0 22.3897
67.0 22.3408
67.0 22.3650
67.1 22.4313
67.1 22.3202
67.1 22.3389
67.2 22.3507
67.2 22.3401
67.2 22.3552
67.3 22.3122
67.3 22.2893
67.3 22.2476
67.4 22.3427
67.4 22.3054
67.4 22.2872
67.5 22.2593
67.5 22.2403
67.5 22.2883
67.6 22.3010
67.6 22.2848
67.7 22.2669
67.7 22.3669
67.7 22.4631
67.8 22.4351
67.8 22.4006
67.8 22.4093
67.9 22.4153
67.9 22.4461
68.0 22.4950
68.0 22.5172
68.0 22.4940
68.1 22.5071
68.1 22.4562
68.1 22.4513
68.2 22.3852
68.2 22.3979
68.2 22.3708
68.3 22.3644
68.3 22.3870
68.3 22.3584
68.4 22.3668
68.4 22.3531
68.4 22.2733
68.5 22.2216
68.5 22.2144
68.5 22.2677
68.6 22.3023
68.6 22.2922
68.6 22.2530
68.7 22.3456
68.7 22.3380
68.8 22.3322
68.8 22.3390
68.8 22.3689
68.9 22.3140
68.9 22.3195
68.9 22.3610
69.0 22.2834
69.0 22.2527
69.0 22.3313
69.1 22.2957
69.1 22.2474
69.1 22.2599
69.2 22.3133
69.2 22.2197
69.2 22.2360
69.3 22.2579
69.3 22.2448
69.3 22.1374
69.4 22.1912
69.4 22.2027
69.4 22.1758
69.5 22.2639
69.5 22.2696
69.5 22.2060
69.6 22.2284
69.6 22.2569
69.6 22.2469
69.7 22.2561
69.7 22.2365
69.7 22.2040
69.8 22.1704
69.8 22.2512
69.8 22.2767
69.9 22.2414
69.9 22.2682
69.9 22.2441
70.0 22.1941
70.0 22.2601
70.1 22.1957
70.1 22.2549
70.1 22.2101
70.1 22.2890
70.2 22.1978
70.2 22.2847
70.2 22.2712
70.3 22.2178
70.3 22.1680
70.4 22.1709
70.4 22.1969
70.4 22.2159
70.5 22.1330
70.5 22.0754
70.5 22.0121
70.6 22.0767
70.6 22.0910
70.6 22.0863
70.7 22.1037
70.7 22.1069
70.7 22.1102
70.8 22.1732
70.8 22.1655
70.9 22.1555
70.9 22.1096
70.9 22.1441
71.0 22.1049
71.0 22.1252
71.0 22.1503
71.1 22.1220
71.1 22.1578
71.1 22.1486
71.2 22.1374
71.2 22.1620
71.2 22.1254
71.3 22.0999
71.3 22.1277
71.4 22.0789
71.4 22.0743
71.4 22.1573
71.5 22.1130
71.5 22.1145
71.5 22.1396
71.6 22.0724
71.6 22.0408
71.6 22.1735
71.7 22.1785
71.7 22.1968
71.7 22.1938
71.8 22.1913
71.8 22.2022
71.8 22.1942
71.9 22.2443
71.9 22.1635
71.9 22.2154
72.0 22.2062
72.0 22.2445
72.0 22.2365
72.1 22.2595
72.1 22.2834
72.1 22.2787
72.2 22.3455
72.2 22.3448
72.2 22.3035
72.3 22.3399
72.3 22.3993
72.4 22.3788
72.4 22.3356
72.4 22.3814
72.5 22.3262
72.5 22.3667
72.5 22.3762
72.6 22.4221
72.6 22.4051
72.6 22.3834
72.7 22.4337
72.7 22.4345
72.7 22.3655
72.8 22.4151
72.8 22.4196
72.8 22.3951
72.9 22.4281
72.9 22.4582
72.9 22.4690
73.0 22.4572
73.0 22.4470
73.1 22.4615
73.1 22.4837
73.1 22.4486
73.1 22.3834
73.2 22.4412
73.2 22.4250
73.2 22.3883
73.3 22.3809
73.3 22.3066
73.3 22.3708
73.4 22.3285
73.4 22.3499
73.4 22.3427
73.5 22.3803
73.5 22.3985
73.5 22.3605
73.6 22.3362
73.6 22.3546
73.7 22.2880
73.7 22.3451
73.7 22.4425
73.8 22.4008
73.8 22.4326
73.8 22.3854
73.9 22.4642
73.9 22.3470
73.9 22.3593
74.0 22.3970
74.0 22.4199
74.1 22.4380
74.1 22.4200
74.1 22.3443
74.2 22.3240
74.2 22.3667
74.2 22.3687
74.3 22.3690
74.3 22.3013
74.3 22.3016
74.4 22.2930
74.4 22.2616
74.4 22.1649
74.5 22.2024
74.5 22.1613
74.5 22.2131
74.6 22.1809
74.6 22.0682
74.6 22.0847
74.7 22.1013
74.7 22.0506
74.7 22.1284
74.8 22.1101
74.8 22.1197
74.8 22.1209
74.9 22.1880
74.9 22.1136
74.9 22.1209
75.0 22.1542
75.0 22.2203
75.0 22.1588
75.1 22.2010
75.1 22.1774
75.1 22.1611
75.2 22.2028
75.2 22.1562
75.2 22.1871
75.3 22.2221
75.3 22.2052
75.3 22.2098
75.4 22.1446
75.4 22.2333
75.4 22.2172
75.5 22.2448
75.5 22.3082
75.6 22.2980
75.6 22.2891
75.6 22.2560
75.7 22.1591
75.7 22.0409
75.7 22.0786
75.8 22.0306
75.8 22.0018
75.8 21.9920
75.9 21.9345
75.9 21.9458
75.9 21.9468
76.0 22.0518
76.0 21.9159
76.0 22.0162
76.1 21.9978
76.1 22.0298
76.1 22.0577
76.2 22.0666
76.2 22.0618
76.2 22.0419
76.3 22.0260
76.3 21.9817
76.4 22.0099
76.4 22.0757
76.4 22.0141
76.5 22.1029
76.5 22.1201
76.5 22.0877
76.6 22.1502
76.6 22.1749
76.7 22.1662
76.7 22.2176
76.7 22.2954
76.8 22.2924
76.8 22.2522
76.8 22.2969
76.9 22.2854
76.9 22.2194
76.9 22.2247
77.0 22.1916
77.0 22.2205
77.0 22.1943
77.1 22.2535
77.1 22.2297
77.1 22.2423
77.2 22.1737
77.2 22.1930
77.2 22.2385
77.3 22.2192
77.3 22.1966
77.4 22.1901
77.4 22.1892
77.4 22.1209
77.5 22.1308
77.5 22.1114
77.5 22.0675
77.6 22.0661
77.6 22.0507
77.6 21.9905
77.7 22.0336
77.7 22.0374
77.7 22.0113
77.8 21.9960
77.8 22.0077
77.8 21.9622
77.9 21.9500
77.9 22.0089
78.0 21.9699
78.0 21.9786
78.0 22.0017
78.1 21.9580
78.1 21.9919
78.1 22.0079
78.2 21.9087
78.2 21.9301
78.2 21.9627
78.3 21.9932
78.3 21.9817
78.3 22.0348
78.4 22.0012
78.4 21.9919
78.4 21.9728
78.5 21.9849
78.5 21.9125
78.6 21.9760
78.6 22.0096
78.6 21.9923
78.7 22.0307
78.7 22.0183
78.7 22.0379
78.8 22.0352
78.8 21.9654
78.8 22.0435
78.9 22.0609
78.9 22.0686
78.9 22.0216
79.0 22.1198
79.0 22.1123
79.1 22.1490
79.1 22.1316
79.1 22.0756
79.2 22.1409
79.2 22.1627
79.2 22.1159
79.3 22.1362
79.3 22.1537
79.3 22.1451
79.4 22.1607
79.4 22.1585
79.4 22.1499
79.5 22.1273
79.5 22.1531
79.5 22.1821
79.6 22.0919
79.6 22.0946
79.6 22.1102
79.7 22.0262
79.7 22.0657
79.7 22.1897
79.8 22.0573
79.8 22.0775
79.9 22.0659
79.9 22.0502
79.9 22.0667
80.0 22.0829
80.0 22.1453
80.0 22.1273
80.1 22.1368
80.1 22.1812
80.1 22.2125
80.2 22.1963
80.2 22.2451
80.2 22.1670
80.3 22.2082
80.3 22.1785
80.3 22.2338
80.4 22.1225
80.4 22.1287
80.4 22.1895
80.5 22.1443
80.5 22.1132
80.5 22.1767
80.6 22.1312
80.6 22.1189
80.6 22.0563
80.7 22.0742
80.7 22.1001
80.7 22.1474
80.8 22.1271
80.8 22.0861
80.8 22.1363
80.9 22.0776
80.9 22.1074
80.9 22.1621
81.0 22.1928
81.0 22.1789
81.1 22.2141
81.1 22.1555
81.1 22.1852
81.2 22.1423
81.2 22.1194
81.2 22.0998
81.3 22.0962
81.3 22.0705
81.3 22.0253
81.4 22.0713
81.4 22.1426
81.4 22.0423
81.5 22.0358
81.5 22.0451
81.5 22.0226
81.6 22.0794
81.6 22.0659
81.6 22.0795
81.7 22.0383
81.7 22.1225
81.8 22.1278
81.8 22.0784
81.8 21.9948
81.9 22.0118
81.9 21.9854
81.9 22.0533
82.0 21.9085
82.0 21.8656
82.0 21.9214
82.1 21.8812
82.1 21.8804
82.1 21.8498
82.2 21.9088
82.2 21.9114
82.2 21.9317
82.3 21.9322
82.3 21.8425
82.4 21.8504
82.4 21.8643
82.4 21.8854
82.5 21.9137
82.5 21.9106
82.5 21.9110
82.6 21.9064
82.6 21.9072
82.6 21.9088
82.7 21.8121
82.7 21.8249
82.7 21.8847
82.8 21.9103
82.8 21.9060
82.8 21.9452
82.9 21.9982
82.9 21.9065
82.9 21.9307
83.0 21.9171
83.0 21.9070
83.1 21.8707
83.1 21.8986
83.1 21.9425
83.2 21.8940
83.2 21.8586
83.2 21.8507
83.3 21.8652
83.3 21.7804
83.3 21.8000
83.4 21.8131
83.4 21.8051
83.4 21.8214
83.5 21.8863
83.5 21.7819
83.6 21.8144
83.6 21.8716
83.6 21.8400
83.7 21.7795
83.7 21.8123
83.7 21.7632
83.8 21.8738
83.8 21.9124
83.8 21.9184
83.9 21.9209
83.9 21.8765
84.0 21.9381
84.0 21.9488
84.0 21.9966
84.1 21.9936
84.1 22.0374
84.1 22.0214
84.2 21.9668
84.2 21.9888
84.2 21.9983
84.3 22.0107
84.3 21.9896
84.3 22.1185
84.4 22.0487
84.4 22.0419
84.5 22.0950
84.5 22.1186
84.5 22.0754
84.5 22.1361
84.6 22.0902
84.6 22.1364
84.7 22.0187
84.7 22.0249
84.7 22.0650
84.8 22.1196
84.8 22.1332
84.8 22.0869
84.9 22.0996
84.9 22.0188
85.0 22.0238
85.0 22.0166
85.0 22.0628
85.1 21.9392
85.1 22.0065
85.1 22.0044
85.2 22.0133
85.2 21.9914
85.2 21.9729
85.3 22.0074
85.3 22.0439
85.3 22.0855
85.4 22.0252
85.4 22.0090
85.4 22.0562
85.5 22.1042
85.5 22.1158
85.5 22.1103
85.6 22.1468
85.6 22.1451
85.7 22.2251
85.7 22.2158
85.7 22.2532
85.8 22.2684
85.8 22.3396
85.8 22.3038
85.9 22.3569
85.9 22.3885
85.9 22.4184
86.0 22.3351
86.0 22.4284
86.0 22.4022
86.1 22.4154
86.1 22.4722
86.1 22.4588
86.2 22.3903
86.2 22.4355
86.2 22.3972
86.3 22.3847
86.3 22.3886
86.3 22.2930
86.4 22.2700
86.4 22.2048
86.5 22.2273
86.5 22.1214
86.5 22.2183
86.6 22.1515
86.6 22.1986
86.6 22.2037
86.7 22.2051
86.7 22.2067
86.7 22.1725
86.8 22.2061
86.8 22.2181
86.8 22.1540
86.9 22.1715
86.9 22.1389
86.9 22.1356
87.0 22.1358
87.0 22.0602
87.0 22.0314
87.1 22.0736
87.1 22.1048
87.1 22.0305
87.2 22.0960
87.2 22.0548
87.2 22.1881
87.3 22.2300
87.3 22.3263
87.4 22.2930
87.4 22.2620
87.4 22.2463
87.5 22.1993
87.5 22.2075
87.5 22.2180
87.6 22.2494
87.6 22.1783
87.6 22.1769
87.7 22.1871
87.7 22.1542
87.7 22.1975
87.8 22.2285
87.8 22.2048
87.9 22.2539
87.9 22.1898
87.9 22.2022
88.0 22.2496
88.0 22.2207
88.0 22.1947
88.1 22.2340
88.1 22.1409
88.1 22.2468
88.2 22.1679
88.2 22.1463
88.2 22.0957
88.3 22.2249
88.3 22.1413
88.3 22.1590
88.4 22.1121
88.4 22.1711
88.4 22.1465
88.5 22.1282
88.5 22.1560
88.5 22.0764
88.6 22.1280
88.6 22.1956
88.6 22.2285
88.7 22.2176
88.7 22.2222
88.7 22.2214
88.8 22.2201
88.8 22.2205
88.8 22.2537
88.9 22.2485
88.9 22.1994
89.0 22.2631
89.0 22.2117
89.0 22.2967
89.1 22.2471
89.1 22.1816
89.1 22.1803
89.2 22.2231
89.2 22.1669
89.2 22.1674
89.3 22.1204
89.3 22.1778
89.3 22.1753
89.4 22.2232
89.4 22.2507
89.4 22.2130
89.5 22.2145
89.5 22.2118
89.5 22.1148
89.6 22.1152
89.6 22.1189
89.6 22.0794
89.7 22.0914
89.7 22.1222
89.8 22.1076
89.8 22.1456
89.8 22.1746
89.9 22.2014
89.9 22.1418
89.9 22.1729
89.9 22.1475
90.0 22.1518
90.0 22.1760
90.1 22.1400
90.1 22.1477
90.1 22.0537
90.2 22.0956
90.2 22.0676
90.2 22.0987
90.3 22.1103
90.3 22.0603
90.3 22.0646
90.4 22.0911
90.4 22.0901
90.4 22.0279
90.5 22.0141
90.5 22.0686
90.6 21.9990
90.6 22.0030
90.6 22.0216
90.7 21.9999
90.7 22.1085
90.7 22.0918
90.8 22.0166
90.8 21.9686
90.8 22.0706
90.9 22.0531
90.9 22.0761
91.0 22.0801
91.0 21.9921
91.0 21.9990
91.1 21.8998
91.1 21.8875
91.1 21.9163
91.2 21.9438
91.2 21.8982
91.2 21.8874
91.3 21.8387
91.3 21.8204
91.3 21.8359
91.4 21.9205
91.4 21.9090
91.4 22.0019
91.5 22.0627
91.5 22.0753
91.5 22.0426
91.6 22.0572
91.6 22.0507
91.7 22.0269
91.7 22.0305
91.7 22.0434
91.7 22.1067
91.8 22.0826
91.8 22.0608
91.8 21.9928
91.9 22.0566
91.9 22.0826
92.0 22.0880
92.0 22.1556
92.0 22.0886
92.1 22.0764
92.1 22.1387
92.1 22.2168
92.2 22.2134
92.2 22.1697
92.2 22.2157
92.3 22.1430
92.3 22.2394
92.3 22.2161
92.4 22.1743
92.4 22.1997
92.4 22.2652
92.5 22.3017
92.5 22.2422
92.6 22.2592
92.6 22.3386
92.6 22.3688
92.7 22.3126
92.7 22.3592
92.7 22.2630
92.7 22.2836
92.8 22.3265
92.8 22.3065
92.9 22.2971
92.9 22.2304
92.9 22.2705
93.0 22.2564
93.0 22.2673
93.0 22.3233
93.1 22.3387
93.1 22.3397
93.1 22.4480
93.2 22.4023
93.2 22.3885
93.2 22.4001
93.3 22.4149
93.3 22.3983
93.3 22.3501
93.4 22.3711
93.4 22.3679
93.4 22.3434
93.5 22.0267
93.5 22.4574
93.6 22.3168
93.6 22.2250
93.6 22.2719
93.7 22.2463
93.7 22.2605
93.7 22.2135
93.8 22.2587
93.8 22.2085
93.8 22.2613
93.9 22.2413
93.9 22.2471
93.9 22.2061
94.0 22.1828
94.0 22.2397
94.0 22.1461
94.1 22.1173
94.1 22.2015
94.1 22.1959
94.2 22.2168
94.2 22.1500
94.3 22.1352
94.3 22.1684
94.3 22.1434
94.3 22.1345
94.4 22.0390
94.4 22.0693
94.5 22.0917
94.5 21.9708
94.5 21.9878
94.6 22.0445
94.6 22.0025
94.6 22.0571
94.7 22.0556
94.7 22.0387
94.7 21.9943
94.8 21.9898
94.8 21.9832
94.8 21.9786
94.9 21.9504
94.9 21.9522
95.0 21.9816
95.0 22.0525
95.0 22.0574
95.1 22.0472
95.1 22.0301
95.1 21.9409
95.2 21.9087
95.2 21.9629
95.2 22.0419
95.3 22.0770
95.3 22.0789
95.3 22.1060
95.4 22.0592
95.4 22.0594
95.4 22.0092
95.5 22.0315
95.5 22.0271
95.5 21.9938
95.6 21.9719
95.6 21.9418
95.7 21.9949
95.7 21.9678
95.7 22.0629
95.7 22.0621
95.8 21.9896
95.8 21.9961
95.9 22.0299
95.9 22.0526
95.9 22.0574
96.0 22.0579
96.0 22.0641
96.0 22.0460
96.1 22.0650
96.1 22.0821
96.1 22.0691
96.2 22.0347
96.2 22.0797
96.2 22.0403
96.3 21.9866
96.3 21.9998
96.3 21.9418
96.4 21.9407
96.4 21.9768
96.4 21.9101
96.5 21.8934
96.5 21.8559
96.5 21.9134
96.6 21.9030
96.6 21.8263
96.6 21.8696
96.7 21.9434
96.7 21.9571
96.8 22.0487
96.8 22.0364
96.8 22.1172
96.9 22.1349
96.9 22.2129
96.9 22.2057
97.0 22.2164
97.0 22.1123
97.0 22.1427
97.1 22.0733
97.1 22.0507
97.1 22.0648
97.2 22.1190
97.2 22.0257
97.2 22.0301
97.3 22.0123
97.3 22.0123
97.3 21.9922
97.4 22.0650
97.4 22.0611
97.4 22.0265
97.5 22.0010
97.5 21.9971
97.5 22.0146
97.6 22.0598
97.6 22.0121
97.6 22.0167
97.7 22.0071
97.7 22.0014
97.7 21.9363
97.8 21.9737
97.8 21.9828
97.8 21.9747
97.9 22.0434
97.9 22.0074
97.9 22.0729
98.0 22.1013
98.0 22.1353
98.1 22.0882
98.1 22.1157
98.1 22.1249
98.2 22.0604
98.2 22.0371
98.3 22.1166
98.3 22.1021
98.3 22.1004
98.4 22.0664
98.4 22.1010
98.4 22.1209
98.5 22.1673
98.5 22.1754
98.5 22.1599
98.6 22.0914
98.6 22.1995
98.6 22.1741
98.7 22.1571
98.7 22.0969
98.7 22.1900
98.8 22.1807
98.8 22.1916
98.9 22.1376
98.9 22.1482
98.9 22.1570
99.0 22.1514
99.0 22.0996
99.0 22.1731
99.1 22.2244
99.1 22.2383
99.1 22.2671
99.2 22.3201
99.2 22.2424
99.3 22.2292
99.3 22.2284
99.3 22.2060
99.4 22.2321
99.4 22.1669
99.4 22.1304
99.5 22.0668
99.5 22.1414
99.5 22.1043
99.6 22.0736
99.6 22.1960
99.6 22.1933
99.7 22.1139
99.7 22.2160
99.7 22.1859
99.8 22.2186
99.8 22.1575
99.8 22.1869
99.9 22.2455
99.9 22.2099
99.9 22.2237
100.0 22.2397
100.0 22.2382
100.0 22.2304
100.1 22.2283
100.1 22.1392
100.2 22.1367
100.2 22.2177
100.2 22.1613
100.3 22.1603
100.3 22.1649
100.3 22.1655
100.4 22.2202
100.4 22.1930
100.4 22.1828
100.5 22.1567
100.5 22.1381
100.5 22.0836
100.6 22.2422
100.6 22.1530
100.6 22.1502
100.7 22.1794
100.7 22.1994
100.7 22.2116
100.8 22.2225
100.8 22.2651
100.8 22.1637
100.9 22.1704
100.9 22.1344
101.0 22.1696
101.0 22.1552
101.0 22.2258
101.1 22.1916
101.1 22.2071
101.1 22.2004
101.2 22.1453
101.2 22.1648
101.2 22.2539
101.3 22.1689
101.3 22.2444
101.4 22.2210
101.4 22.2848
101.4 22.2357
101.5 22.2451
101.5 22.2232
101.5 22.2130
101.6 22.2506
101.6 22.2673
101.6 22.2471
101.7 22.2387
101.7 22.2721
101.7 22.3261
101.8 22.3343
101.8 22.2816
101.9 22.2456
101.9 22.2400
101.9 22.2516
102.0 22.2181
102.0 22.2739
102.0 22.2621
102.1 22.2593
102.1 22.2566
102.1 22.2504
102.2 22.2448
102.2 22.2436
102.2 22.2870
102.3 22.2945
102.3 22.2993
102.3 22.2754
102.4 22.3253
102.4 22.2589
102.4 22.2676
102.5 22.3071
102.5 22.3144
102.5 22.3630
102.6 22.4092
102.6 22.3759
102.6 22.3289
102.7 22.3238
102.7 22.2665
102.7 22.2921
102.8 22.2870
102.8 22.3050
102.8 22.3208
102.9 22.2572
102.9 22.3545
103.0 22.2339
103.0 22.2869
103.0 22.2347
103.1 22.2475
103.1 22.2422
103.1 22.2341
103.2 22.1733
103.2 22.1697
103.2 22.1203
103.3 22.1853
103.3 22.1797
103.3 22.1967
103.4 22.1771
103.4 22.2059
103.4 22.1780
103.5 22.1542
103.5 22.1463
103.5 22.1707
103.6 22.1570
103.6 22.2004
103.7 22.2412
103.7 22.1763
103.7 22.2026
103.8 22.1946
103.8 22.2152
103.8 22.2057
103.9 22.2104
103.9 22.2306
103.9 22.2467
104.0 22.2127
104.0 22.2510
104.0 22.1719
104.1 22.2000
104.1 22.1983
104.1 22.3242
104.2 22.2537
104.2 22.3314
104.3 22.2636
104.3 22.2356
104.3 22.2681
104.4 22.2568
104.4 22.2787
104.4 22.2714
104.5 22.2471
104.5 22.2389
104.5 22.2983
104.6 22.2965
104.6 22.3309
104.7 22.3347
104.7 22.3105
104.7 22.2691
104.8 22.2920
104.8 22.3360
104.8 22.3232
104.9 22.3614
104.9 22.4094
104.9 22.3353
105.0 22.3441
105.0 22.4012
105.0 22.3817
105.1 22.3662
105.1 22.3763
105.1 22.3376
105.2 22.3374
105.2 22.3626
105.3 22.3144
105.3 22.2673
105.3 22.3119
105.4 22.2618
105.4 22.2569
105.4 22.2611
105.5 22.2763
105.5 22.2652
105.5 22.2535
105.6 22.2387
105.6 22.1963
105.6 22.2182
105.7 22.2371
105.7 22.1827
105.8 22.1632
105.8 22.2002
105.8 22.2862
105.9 22.1935
105.9 22.1899
105.9 22.1394
106.0 22.1649
106.0 22.1727
106.0 22.2876
106.1 22.1994
106.1 22.1849
106.1 22.1860
106.2 22.1588
106.2 22.0980
106.2 22.1229
106.3 22.0789
106.3 22.0723
106.3 22.0578
106.4 22.1297
106.4 22.0018
106.5 22.0703
106.5 22.0412
106.5 22.0677
106.6 21.9977
106.6 22.0298
106.6 21.9790
106.7 22.0551
106.7 22.0208
106.8 22.0405
106.8 22.0052
106.8 21.9889
106.9 22.0383
106.9 21.9845
106.9 22.0396
107.0 21.9886
107.0 21.9419
107.0 21.9773
107.1 22.0131
107.1 21.9530
107.1 21.9517
107.2 22.0252
107.2 21.9674
107.2 21.9625
107.3 22.0433
107.3 22.0469
107.4 21.9894
107.4 21.9636
107.4 21.9883
107.5 22.0013
107.5 21.9308
107.5 21.8997
107.6 21.9267
107.6 21.8882
107.7 21.8909
107.7 21.8248
107.7 21.8640
107.8 21.7952
107.8 21.8074
107.8 21.7344
107.9 21.7203
107.9 21.6994
107.9 21.7316
108.0 21.6929
108.0 21.7108
108.0 21.7305
108.1 21.7010
108.1 21.7111
108.2 21.7888
108.2 21.7048
108.2 21.7034
108.3 21.6589
108.3 21.6791
108.3 21.7291
108.4 21.7852
108.4 21.8113
108.4 21.8405
108.5 21.8648
108.5 21.7695
108.6 21.8666
108.6 21.8578
108.6 21.8109
108.7 21.7758
108.7 21.8500
108.7 21.8980
108.8 21.9068
108.8 21.9015
108.8 21.9398
108.9 21.9043
108.9 21.9205
108.9 21.9165
109.0 21.8733
109.0 21.9499
109.1 21.9455
109.1 21.9595
109.1 21.9775
109.2 21.9999
109.2 21.9928
109.2 22.0610
109.3 21.9706
109.3 21.9640
109.3 21.8704
109.4 21.9042
109.4 21.8588
109.4 21.8082
109.5 21.8017
109.5 21.7969
109.6 21.8043
109.6 21.7977
109.6 21.8195
109.7 21.7243
109.7 21.8106
109.7 21.8060
109.8 21.8026
109.8 21.8121
109.8 21.7509
109.9 21.7433
109.9 21.7258
109.9 21.7543
110.0 21.7184
110.0 21.6912
110.0 21.6773
110.1 21.7333
110.1 21.7662
110.2 21.7321
110.2 21.7414
110.2 21.7262
110.3 21.7253
110.3 21.7809
110.3 21.7949
110.4 21.7568
110.4 21.8042
110.5 21.7837
110.5 21.7806
110.5 21.7699
110.6 21.8315
110.6 21.7944
110.6 21.7267
110.7 21.8022
110.7 21.8072
110.7 21.8123
110.8 21.9193
110.8 21.8744
110.9 21.8239
110.9 21.7999
110.9 21.8220
111.0 21.8975
111.0 21.8325
111.0 21.8781
111.1 21.8639
111.1 21.8874
111.1 21.8888
111.2 21.8675
111.2 21.8714
111.2 21.8190
111.3 21.7830
111.3 21.8346
111.3 21.8015
111.4 21.8769
111.4 21.8633
111.5 21.8098
111.5 21.8348
111.5 21.8056
111.6 21.8558
111.6 21.8191
111.6 21.8215
111.7 21.8299
111.7 21.8445
111.7 21.7664
111.8 21.8314
111.8 21.8609
111.9 21.7995
111.9 21.8303
111.9 21.8147
112.0 21.8808
112.0 21.8710
112.0 21.9119
112.1 21.8051
112.1 21.8457
112.1 21.9562
112.2 21.8951
112.2 21.8766
112.2 21.8586
112.3 21.8246
112.3 21.9068
112.4 21.8492
112.4 21.8077
112.4 21.8507
112.5 21.8061
112.5 21.8098
112.5 21.7885
112.6 21.8475
112.6 21.8405
112.6 21.8866
112.7 21.9400
112.7 21.9500
112.7 21.8770
112.8 21.8953
112.8 21.8322
112.8 21.9090
112.9 21.9147
112.9 21.8623
113.0 21.8902
113.0 21.8478
113.0 21.8696
113.1 21.9354
113.1 21.9166
113.1 21.8511
113.1 21.8736
113.2 21.9056
113.2 21.9406
113.3 21.9402
113.3 21.8888
113.3 21.8596
113.4 21.7755
113.4 21.8394
113.4 21.8691
113.5 21.8053
113.5 21.7934
113.6 21.7879
113.6 21.7483
113.6 21.7183
113.7 21.7494
113.7 21.7493
113.7 21.7532
113.8 21.7997
113.8 21.7899
113.8 21.7982
113.9 21.7952
113.9 21.7569
113.9 21.7427
114.0 21.7439
114.0 21.7450
114.0 21.7296
114.1 21.8570
114.1 21.7376
114.2 21.6993
114.2 21.7296
114.2 21.7356
114.3 21.6780
114.3 21.6831
114.3 21.7164
114.4 21.7098
114.4 21.7353
114.4 21.7409
114.5 21.7684
114.5 21.7120
114.5 21.6776
114.6 21.7196
114.6 21.7069
114.7 21.7826
114.7 21.7778
114.7 21.8077
114.7 21.8787
114.8 21.8711
114.8 21.8571
114.8 21.8592
114.9 21.7821
114.9 21.7890
115.0 21.7560
115.0 21.7541
115.0 21.7784
115.1 21.8271
115.1 21.6540
115.1 21.9427
115.2 21.8047
115.2 21.7828
115.3 21.8332
115.3 21.8149
115.3 21.7689
115.4 21.8318
115.4 21.8607
115.4 21.7907
115.5 21.7645
115.5 21.8000
115.5 21.8000
115.6 21.8815
115.6 21.8918
115.6 21.7885
115.7 21.7788
115.7 21.8513
115.8 21.8376
115.8 21.8961
115.8 21.8254
115.9 21.7825
115.9 21.8372
115.9 21.8267
116.0 21.8040
116.0 21.7578
116.0 21.7618
116.1 21.7408
116.1 21.6908
116.1 21.7408
116.2 21.7233
116.2 21.6505
116.2 21.7279
116.3 21.7346
116.3 21.7429
116.4 21.7393
116.4 21.7601
116.4 21.7961
116.5 21.7459
116.5 21.7865
116.5 21.7410
116.6 21.8279
116.6 21.8390
116.6 21.8239
116.7 21.8145
116.7 21.8430
116.7 21.8318
116.8 21.9228
116.8 21.9430
116.8 21.9178
116.9 21.8416
116.9 22.0007
117.0 21.9133
117.0 21.9918
117.0 22.1306
117.1 22.0071
117.1 21.9961
117.1 21.9970
117.2 22.0421
117.2 22.3144
117.2 22.3602
117.3 22.3481
117.3 22.3026
117.3 22.2642
117.4 22.2620
117.4 22.2483
117.4 22.2331
117.5 22.2546
117.5 22.3161
117.5 22.2088
117.6 22.2722
117.6 22.2733
117.6 22.2765
117.7 22.2928
117.7 22.2983
117.7 22.2510
117.8 22.2743
117.8 22.3418
117.8 22.3219
117.9 22.3170
117.9 22.2899
117.9 22.2751
118.0 22.2483
118.0 22.2721
118.0 22.2602
118.1 22.2713
118.1 22.3212
118.1 22.3559
118.2 22.3180
118.2 22.3415
118.2 22.2586
118.3 22.3272
118.3 22.3135
118.3 22.3815
118.4 22.3466
118.4 22.3493
118.4 22.3501
118.5 22.3245
118.5 22.3674
118.6 22.2446
118.6 22.2736
118.6 22.2868
118.7 22.3096
118.7 22.3340
118.7 22.2671
118.8 22.2117
118.8 22.2282
118.8 22.2303
118.9 22.1902
118.9 22.2290
118.9 22.1857
119.0 22.1634
119.0 22.2161
119.0 22.2368
119.1 22.2943
119.1 22.2385
119.1 22.1947
119.2 22.1749
119.2 22.1997
119.2 22.2614
119.3 22.2475
119.3 22.1822
119.3 22.2180
119.4 22.1002
119.4 22.1625
119.4 22.1491
119.5 22.1522
119.5 22.1298
119.5 22.1902
119.6 22.0999
119.6 22.1363
119.6 22.0873
119.7 22.0819
119.7 22.1226
119.7 22.1724
119.8 22.1884
119.8 22.1499
119.9 22.2020
119.9 22.1955
119.9 22.1747
120.0 22.2255
120.0 22.2339
120.0 22.2623
120.1 22.2895
120.1 22.2931
120.1 22.3096
120.2 22.2645
120.2 22.3601
120.2 22.3609
120.3 22.3107
120.3 22.2529
120.3 22.2868
120.4 22.2785
120.4 22.3198
120.5 22.3678
120.5 22.3613
120.5 22.4198
120.6 22.4138
120.6 22.4623
120.6 22.3721
120.7 22.4349
120.7 22.3865
120.7 22.3809
120.8 22.3543
120.8 22.4361
120.8 22.4049
120.9 22.4409
120.9 22.4549
120.9 22.3855
121.0 22.3970
121.0 22.4726
121.0 22.4024
121.1 22.4481
121.1 22.3953
121.1 22.3829
121.2 22.3264
121.2 22.3555
121.2 22.3165
121.3 22.2854
121.3 22.2361
121.3 22.2198
121.4 22.2990
121.4 22.2520
121.4 22.3349
121.5 22.3562
121.5 22.2605
121.5 22.3327
121.6 22.3814
121.6 22.4235
121.7 22.3477
121.7 22.3368
121.7 22.3663
121.7 22.2863
121.8 22.2825
121.8 22.2559
121.8 22.2826
121.9 22.2719
121.9 22.2327
121.9 22.2309
122.0 22.2179
122.0 22.2404
122.0 22.2429
122.1 22.3129
122.1 22.3202
122.2 22.3254
122.2 22.3438
122.2 22.3752
122.3 22.3709
122.3 22.4304
122.3 22.4177
122.4 22.3746
122.4 22.4053
122.4 22.3634
122.5 22.4012
122.5 22.7193
122.5 21.9627
122.6 22.3678
122.6 22.4104
122.6 22.4704
122.7 22.3020
122.7 22.4019
122.7 22.3709
122.8 22.3086
122.8 22.2874
122.9 22.2954
122.9 22.3024
122.9 22.3359
123.0 22.3135
123.0 22.3075
123.0 22.3102
123.1 22.3475
123.1 22.2365
123.1 22.1405
123.2 22.1839
123.2 22.2415
123.2 22.2249
123.3 22.1884
123.3 22.1471
123.3 22.1492
123.4 22.1569
123.4 22.1513
123.4 22.1596
123.5 22.1328
123.5 22.0862
123.5 22.1895
123.6 22.1614
123.6 22.1544
123.7 22.1353
123.7 22.1309
123.7 22.1756
123.8 22.1939
123.8 22.1824
123.8 22.2487
123.9 22.2164
123.9 22.2072
123.9 22.1798
124.0 22.2139
124.0 22.1524
124.0 22.1227
124.1 22.1552
124.1 22.1463
124.1 22.1985
124.2 22.2558
124.2 22.1981
124.2 22.1944
124.3 22.2405
124.3 22.1755
124.4 22.1535
124.4 22.2734
124.4 22.1736
124.5 22.1393
124.5 22.1009
124.5 22.1355
124.6 22.1004
124.6 22.1590
124.6 22.1735
124.7 22.0733
124.7 22.1261
124.7 22.0985
124.8 22.1240
124.8 22.1939
124.8 22.1744
124.9 22.1316
124.9 22.1077
125.0 22.1375
125.0 22.1272
125.0 22.1821
125.0 22.1526
125.1 22.0913
125.1 22.0906
125.1 22.0611
125.2 22.0642
125.2 21.9854
125.2 22.0951
125.3 21.9816
125.3 22.0563
125.4 22.0641
125.4 22.1368
125.4 22.0230
125.5 22.0707
125.5 22.1007
125.5 22.1209
125.6 22.1390
125.6 22.1985
125.6 22.1296
125.7 22.1008
125.7 22.1578
125.8 22.0854
125.8 22.1502
125.8 22.1562
125.9 22.1474
125.9 22.0849
125.9 22.1527
126.0 22.1499
126.0 22.1418
126.0 22.2117
126.1 22.1829
126.1 22.2161
126.1 22.2496
126.2 22.2722
126.2 22.2494
126.3 22.2955
126.3 22.2013
126.3 22.2872
126.4 22.2568
126.4 22.2208
126.4 22.1477
126.5 22.1580
126.5 22.1997
126.5 22.2001
126.6 22.2039
126.6 22.1045
126.6 22.1300
126.7 22.1521
126.7 22.2211
126.7 22.3006
126.8 22.3127
126.8 22.2750
126.8 22.1896
126.9 22.2047
126.9 22.2513
126.9 22.3172
127.0 22.2818
127.0 22.3470
127.1 22.3052
127.1 22.2440
127.1 22.3298
127.2 22.3584
127.2 22.3085
127.2 22.3095
127.3 22.3332
127.3 22.3081
127.3 22.3265
127.4 22.3056
127.4 22.3284
127.4 22.3391
127.5 22.3383
127.5 22.3286
127.5 22.2541
127.6 22.2351
127.6 22.2032
127.6 22.2323
127.7 22.2678
127.7 22.2163
127.7 22.1467
127.8 22.1440
127.8 22.0807
127.9 22.0813
127.9 22.1265
127.9 22.0627
128.0 22.0938
128.0 22.0820
128.0 22.1139
128.1 22.1311
128.1 22.1880
128.1 22.1920
128.2 22.1440
128.2 22.1436
128.2 22.1940
128.3 22.2087
128.3 22.2017
128.3 22.2353
128.4 22.2072
128.4 22.1737
128.4 22.1939
128.5 22.1052
128.5 22.1220
128.6 22.0782
128.6 22.0625
128.6 21.9897
128.7 21.9784
128.7 22.0665
128.7 21.9850
128.8 21.9768
128.8 22.0107
128.8 22.0206
128.9 22.0714
128.9 21.9430
128.9 22.0181
129.0 21.9814
129.0 22.0123
129.0 21.9875
129.1 22.0317
129.1 21.9857
129.1 22.0079
129.2 21.9936
129.2 22.0539
129.3 22.0846
129.3 22.0831
129.3 22.0625
129.4 22.1258
129.4 22.0801
129.4 22.1203
129.5 22.0795
129.5 22.0832
129.5 22.0515
129.6 22.0482
129.6 22.0306
129.6 22.0542
129.7 22.0795
129.7 22.0977
129.7 22.1205
129.8 22.0960
129.8 22.1216
129.9 22.1115
129.9 22.1775
129.9 22.1762
130.0 22.1496
130.0 22.1612
130.0 22.1471
130.1 22.1652
130.1 22.1310
130.1 22.1154
130.2 22.0975
130.2 22.1164
130.2 22.1524
130.3 22.0806
130.3 22.0308
130.4 22.0663
130.4 22.0243
130.4 22.1143
130.5 22.0699
130.5 22.0223
130.5 22.0635
130.6 22.0343
130.6 22.0689
130.6 22.0306
130.7 21.9979
130.7 22.0360
130.7 22.0857
130.8 22.1108
130.8 22.0516
130.8 22.0578
130.9 22.0576
130.9 22.0078
130.9 22.0216
131.0 22.1011
131.0 22.0867
131.0 22.0359
131.1 22.0752
131.1 22.0982
131.2 22.0189
131.2 22.0197
131.2 22.0238
131.3 22.0571
131.3 22.0954
131.3 22.2210
131.3 22.0678
131.4 22.0716
131.4 22.1765
131.5 22.1201
131.5 22.1040
131.5 22.0519
131.6 22.0405
131.6 22.1392
131.6 22.2158
131.7 22.1049
131.7 22.0905
131.7 22.1203
131.8 22.0681
131.8 22.0786
131.8 22.0861
131.9 22.0907
131.9 22.0630
132.0 22.1447
132.0 22.1401
132.0 22.1071
132.1 22.1088
132.1 22.0784
132.1 22.0931
132.2 22.0221
132.2 22.0849
132.2 22.0721
132.3 22.0648
132.3 22.0527
132.3 22.0642
132.4 22.0606
132.4 22.0762
132.5 22.0610
132.5 22.1088
132.5 22.0614
132.6 22.1166
132.6 22.0865
132.6 22.0899
132.7 22.1065
132.7 22.1277
132.7 22.0843
132.8 22.1259
132.8 22.0846
132.8 22.1115
132.9 22.0659
132.9 22.0287
132.9 22.0352
133.0 22.0479
133.0 22.0527
133.0 22.1031
133.1 22.0558
133.1 21.9957
133.2 22.0586
133.2 22.0569
133.2 22.0179
133.3 22.0097
133.3 22.0482
133.3 21.9665
133.4 22.0270
133.4 22.0457
133.4 22.0112
133.5 22.0812
133.5 22.0908
133.5 22.0553
133.6 22.0290
133.6 22.0725
133.6 21.9778
133.7 22.0381
133.7 22.0535
133.7 22.0278
133.8 22.0535
133.8 22.0199
133.8 22.0232
133.9 22.0286
133.9 21.9847
134.0 21.9598
134.0 21.9451
134.0 22.0012
134.1 21.9525
134.1 21.9713
134.1 21.9569
134.2 21.9956
134.2 21.9685
134.2 21.9429
134.3 21.9446
134.3 21.9290
134.3 21.9206
134.4 22.0152
134.4 21.9818
134.5 21.9670
134.5 22.0240
134.5 21.9897
134.6 21.9887
134.6 21.9756
134.6 21.9373
134.7 21.9571
134.7 22.0298
134.7 22.0497
134.8 22.0879
134.8 22.0236
134.8 22.1197
134.9 22.0581
134.9 22.1271
134.9 22.0666
135.0 22.0654
135.0 22.1089
135.0 22.1201
135.1 22.1133
135.1 22.0581
135.2 22.0704
135.2 22.1022
135.2 22.1409
135.3 22.1400
135.3 22.0925
135.3 22.1571
135.4 22.1067
135.4 22.1737
135.4 22.0937
135.5 22.1368
135.5 22.1155
135.5 22.1730
135.6 22.1318
135.6 22.1621
135.6 22.1363
135.7 22.1714
135.7 22.1333
135.7 22.1700
135.8 22.1589
135.8 22.1466
135.8 22.0650
135.9 22.1416
135.9 22.1371
136.0 22.1427
136.0 22.1856
136.0 22.1486
136.0 22.0917
136.1 22.1479
136.1 22.0851
136.2 22.0490
136.2 22.0117
136.2 22.0628
136.3 22.0536
136.3 22.0564
136.3 22.0746
136.4 22.0668
136.4 21.9923
136.4 22.0065
136.5 21.9821
136.5 21.9786
136.5 21.9115
136.6 21.9902
136.6 22.0251
136.6 22.0078
136.7 22.0051
136.7 22.0587
136.7 22.0461
136.8 22.0322
136.8 22.0705
136.8 22.0490
136.9 22.1786
136.9 22.2973
137.0 22.1911
137.0 22.2266
137.0 22.1688
137.1 22.1677
137.1 22.1775
137.1 22.2115
137.2 22.1852
137.2 22.2175
137.2 22.2585
137.3 22.2997
137.3 22.2685
137.4 22.2398
137.4 22.2019
137.4 22.1710
137.5 22.2214
137.5 22.2245
137.5 22.1774
137.6 22.1935
137.6 22.1186
137.6 22.1024
137.7 22.1308
137.7 22.1512
137.8 22.1816
137.8 22.1785
137.8 22.1731
137.9 22.2009
137.9 22.2053
137.9 22.1897
138.0 22.2571
138.0 22.1887
138.0 22.1104
138.1 22.0968
138.1 22.1077
138.1 22.1410
138.2 22.1219
138.2 22.0971
138.2 22.1029
138.3 22.0972
138.3 22.0607
138.4 22.0198
138.4 22.0953
138.4 22.0355
138.5 22.0533
138.5 22.0320
138.5 22.0393
138.6 22.0131
138.6 22.0527
138.6 22.0870
138.7 22.1263
138.7 22.1309
138.7 22.1523
138.8 22.1973
138.8 22.1645
138.8 22.1670
138.9 22.1580
138.9 22.1001
138.9 22.1004
139.0 22.1337
139.0 22.1322
139.0 22.1115
139.1 22.1429
139.1 22.1503
139.1 22.1924
139.2 22.1604
139.2 22.1270
139.2 22.1105
139.3 22.1290
139.3 22.1785
139.3 22.1450
139.4 22.0710
139.4 22.1261
139.5 22.2223
139.5 22.1220
139.5 22.0719
139.6 22.0817
139.6 22.0405
139.6 22.0985
139.7 22.1811
139.7 22.1503
139.7 22.1643
139.8 22.1645
139.8 22.1895
139.9 22.1837
139.9 22.1754
139.9 22.2589
140.0 22.2684
140.0 22.3389
140.0 22.3765
140.1 22.3578
140.1 22.3413
140.1 22.4006
140.2 22.3315
140.2 22.3443
140.2 22.3448
140.3 22.2918
140.3 22.2838
140.4 22.3601
140.4 22.2625
140.4 22.3369
140.5 22.3277
140.5 22.3838
140.5 22.3325
140.6 22.3235
140.6 22.3219
140.6 22.2680
140.7 22.2980
140.7 22.3003
140.7 22.3304
140.8 22.3631
140.8 22.4082
140.8 22.3412
140.9 22.3749
140.9 22.3721
140.9 22.3475
141.0 22.3748
141.0 22.3417
141.0 22.3422
141.1 22.3195
141.1 22.3383
141.1 22.2906
141.2 22.2950
141.2 22.3122
141.3 22.3275
141.3 22.3167
141.3 22.3935
141.4 22.4334
141.4 22.4335
141.4 22.4525
141.5 22.4694
141.5 22.4730
141.5 22.5055
141.6 22.4872
141.6 22.5046
141.6 22.4465
141.7 22.5112
141.7 22.4885
141.7 22.4951
141.8 22.4664
141.8 22.5157
141.9 22.4867
141.9 22.4754
141.9 22.4510
142.0 22.4727
142.0 22.5092
142.0 22.3898
142.1 22.4484
142.1 22.4672
142.1 22.3571
142.2 22.3637
142.2 22.3698
142.2 22.3818
142.3 22.3864
142.3 22.3853
142.3 22.3455
142.4 22.3157
142.4 22.3281
142.5 22.3285
142.5 22.2556
142.5 22.2260
142.6 22.3487
142.6 22.3437
142.6 22.3121
142.7 22.2619
142.7 22.2325
142.7 22.2500
142.8 22.2293
142.8 22.1591
142.8 22.1500
142.9 22.2140
142.9 22.1818
143.0 22.0843
143.0 22.1394
143.0 22.1466
143.1 22.2070
143.1 22.2047
143.1 22.1036
143.2 22.0976
143.2 22.1463
143.2 22.1145
143.3 22.1538
143.3 22.1382
143.4 22.1186
143.4 22.1397
143.4 22.0930
143.5 22.0805
143.5 22.0335
143.5 22.0926
143.6 22.0601
143.6 22.0222
143.6 22.0607
143.7 22.1180
143.7 22.0547
143.7 22.1087
143.8 22.1078
143.8 22.2137
143.9 22.1837
143.9 22.1885
143.9 22.2436
144.0 22.2703
144.0 22.2744
144.0 22.2365
144.1 22.3054
144.1 22.2119
144.1 22.3194
144.2 22.3572
144.2 22.4127
144.2 22.3402
144.3 22.4091
144.3 22.4394
144.3 22.4257
144.4 22.4491
144.4 22.3906
144.4 22.4115
144.5 22.3782
144.5 22.3781
144.5 22.3391
144.6 22.3177
144.6 22.3511
144.7 22.2736
144.7 22.1938
144.7 22.1899
144.8 22.2281
144.8 22.3820
144.8 22.4023
144.9 22.4764
144.9 22.5710
144.9 22.5650
145.0 22.5035
145.0 22.4160
145.0 22.3818
145.1 22.3103
145.1 22.2277
145.1 22.2059
145.2 22.0853
145.2 22.0986
145.2 22.1955
145.3 22.1774
145.3 22.2742
145.3 22.2728
145.4 22.2621
145.4 22.2301
145.4 22.2629
145.5 22.2879
145.5 22.2839
145.5 22.2494
145.6 22.2940
145.6 22.3260
145.6 22.3281
145.7 22.3803
145.7 22.4221
145.8 22.4091
145.8 22.3837
145.8 22.4583
145.8 22.3731
145.9 22.3673
145.9 22.3259
146.0 22.3363
146.0 22.3261
146.0 22.3435
146.1 22.3031
146.1 22.2522
146.1 22.2881
146.2 22.2833
146.2 22.2342
146.2 22.2566
146.3 22.3202
146.3 22.2984
146.3 22.3094
146.4 22.2764
146.4 22.2869
146.4 22.3654
146.5 22.3449
146.5 22.3256
146.5 22.2966
146.6 22.3092
146.6 22.2322
146.6 22.2029
146.7 22.1884
146.7 22.2160
146.7 22.2142
146.8 22.2453
146.8 22.2179
146.8 22.2140
146.9 22.2456
146.9 22.2455
147.0 22.1702
147.0 22.2136
147.0 22.1848
147.1 22.1355
147.1 22.0917
147.1 22.0253
147.2 21.9451
147.2 21.9786
147.2 22.0172
147.3 22.0041
147.3 22.0539
147.3 22.1742
147.4 22.1471
147.4 22.1241
147.4 22.0911
147.5 22.0588
147.5 21.9647
147.5 21.9475
147.6 21.8952
147.6 21.8574
147.7 21.8171
147.7 21.8665
147.7 21.9073
147.8 22.0099
147.8 22.0212
147.8 22.1256
147.9 22.1481
147.9 22.1341
147.9 22.0977
148.0 22.1463
148.0 22.1907
148.0 22.1636
148.1 22.1006
148.1 22.0835
148.1 22.0924
148.2 22.0634
148.2 22.0557
148.2 22.0917
148.3 22.1197
148.3 22.1308
148.3 22.1275
148.4 22.1088
148.4 22.0492
148.5 22.1577
148.5 22.0821
148.5 22.1019
148.6 22.1316
148.6 22.0837
148.6 22.0905
148.7 22.0639
148.7 22.0991
148.7 22.1244
148.8 22.1609
148.8 22.1417
148.8 22.1568
148.9 22.1551
148.9 22.2180
148.9 22.1399
149.0 22.1388
149.0 22.1418
149.1 22.0898
149.1 22.1090
149.1 22.1256
149.1 22.0951
149.2 22.0793
149.2 22.1234
149.3 22.1338
149.3 22.1003
149.3 22.0529
149.4 22.0675
149.4 22.0790
149.4 22.1124
149.5 22.0741
149.5 22.0773
149.5 22.1230
149.6 22.0915
149.6 22.0922
149.6 22.1526
149.7 22.0783
149.7 22.0561
149.7 22.0230
149.8 22.0251
149.8 21.9798
149.8 21.9944
149.9 22.0067
149.9 22.0532
149.9 22.0035
150.0 22.0123
150.0 22.0030
150.0 22.0304
150.1 22.0133
150.1 22.0383
150.2 21.9458
150.2 21.9971
150.2 22.0275
150.3 21.9953
150.3 22.0048
150.3 21.9788
150.4 22.0291
150.4 22.0593
150.4 22.0937
150.5 22.0653
150.5 22.0718
150.5 22.0660
150.6 22.0276
150.6 22.0630
150.7 22.0710
150.7 22.0381
150.7 22.0486
150.8 22.0368
150.8 22.0004
150.8 21.9657
150.9 22.0249
150.9 22.0813
150.9 22.0903
151.0 22.1746
151.0 22.2169
151.0 22.2295
151.1 22.2921
151.1 22.2857
151.1 22.3038
151.2 22.2843
151.2 22.2490
151.2 22.2203
151.3 22.1736
151.3 22.1410
151.4 22.0772
151.4 22.1263
151.4 22.1160
151.4 22.0463
151.5 21.9949
151.5 22.0073
151.6 21.9557
151.6 21.9879
151.6 22.0115
151.7 22.0206
151.7 22.0566
151.7 22.0852
151.8 22.1147
151.8 22.1409
151.8 22.1670
151.9 22.2105
151.9 22.2211
151.9 22.2671
152.0 22.3055
152.0 22.3782
152.0 22.4087
152.1 22.4044
152.1 22.4005
152.1 22.3658
152.2 22.4097
152.2 22.3699
152.2 22.4223
152.3 22.4732
152.3 22.4716
152.3 22.4608
152.4 22.4456
152.4 22.3992
152.4 22.3955
152.5 22.3973
152.5 22.4313
152.5 22.3196
152.6 22.3048
152.6 22.3077
152.7 22.3161
152.7 22.3335
152.7 22.3698
152.8 22.3505
152.8 22.2830
152.8 22.3376
152.9 22.3515
152.9 22.3123
152.9 22.3107
153.0 22.3366
153.0 22.3071
153.0 22.3267
153.1 22.3560
153.1 22.2834
153.1 22.3801
153.2 22.3814
153.2 22.3891
153.2 22.3838
153.3 22.4111
153.3 22.3916
153.3 22.3567
153.4 22.2950
153.4 22.2293
153.5 22.2274
153.5 22.2558
153.5 22.3123
153.6 22.3254
153.6 22.3006
153.6 22.3308
153.7 22.2857
153.7 22.2895
153.7 22.2999
153.8 22.2368
153.8 22.3279
153.9 22.3942
153.9 22.3203
153.9 22.3374
154.0 22.3338
154.0 22.3457
154.0 22.3594
154.0 22.2904
154.1 22.3530
154.1 22.3472
154.2 22.3534
154.2 22.3756
154.2 22.3690
154.3 22.3462
154.3 22.2797
154.3 22.2647
154.4 22.2723
154.4 22.2963
154.4 22.3609
154.5 22.4224
154.5 22.4133
154.5 22.3860
154.6 22.3731
154.6 22.3965
154.7 22.4123
154.7 22.3414
154.7 22.3133
154.8 22.2530
154.8 22.3316
154.8 22.3401
154.9 22.3330
154.9 22.3082
154.9 22.3291
155.0 22.3764
155.0 22.3425
155.1 22.3254
155.1 22.3168
155.1 22.3654
155.2 22.2790
155.2 22.2334
155.2 22.2949
155.3 22.2734
155.3 22.2903
155.3 22.2759
155.4 22.2867
155.4 22.2707
155.4 22.2968
155.5 22.3304
155.5 22.3065
155.5 22.3477
155.6 22.3619
155.6 22.3915
155.7 22.3926
155.7 22.3600
155.7 22.3968
155.8 22.4231
155.8 22.4638
155.8 22.4258
155.9 22.4602
155.9 22.4400
155.9 22.3839
156.0 22.3729
156.0 22.4462
156.0 22.3938
156.1 22.3747
156.1 22.4042
156.2 22.3785
156.2 22.3981
156.2 22.3955
156.3 22.4348
156.3 22.3942
156.3 22.3752
156.4 22.3358
156.4 22.2663
156.4 22.2972
156.5 22.3010
156.5 22.2798
156.6 22.2808
156.6 22.3156
156.6 22.2536
156.7 22.2959
156.7 22.2836
156.7 22.2607
156.7 22.2562
156.8 22.2774
156.8 22.2759
156.9 22.2529
156.9 22.2609
156.9 22.2785
157.0 22.1813
157.0 22.1546
157.0 22.1405
157.1 22.1578
157.1 22.1422
157.1 22.1042
157.2 22.0866
157.2 22.1095
157.2 22.1651
157.3 22.1848
157.3 22.1853
157.3 22.2254
157.4 22.2293
157.4 22.2534
157.4 22.2286
157.5 22.2296
157.5 22.2515
157.5 22.2253
157.6 22.2808
157.6 22.2247
157.6 22.2407
157.7 22.2182
157.7 22.2342
157.8 22.2810
157.8 22.2631
157.8 22.2219
157.9 22.2808
157.9 22.2633
157.9 22.2587
158.0 22.3101
158.0 22.2687
158.0 22.2245
158.1 22.2806
158.1 22.2910
158.1 22.2621
158.2 22.2060
158.2 22.2214
158.2 22.2063
158.3 22.2002
158.3 22.2121
158.3 22.2354
158.4 22.2244
158.4 22.2802
158.4 22.3230
158.5 22.2631
158.5 22.3286
158.5 22.3187
158.6 22.3309
158.6 22.3299
158.6 22.3431
158.7 22.2777
158.7 22.2805
158.8 22.3157
158.8 22.2663
158.8 22.2632
158.9 22.2622
158.9 22.2146
158.9 22.1984
159.0 22.3082
159.0 22.2769
159.1 22.1983
159.1 22.2060
159.1 22.1587
159.2 22.1317
159.2 22.1610
159.2 22.1808
159.3 22.1929
159.3 22.2067
159.3 22.1466
159.4 22.1706
159.4 22.2234
159.4 22.1956
159.5 22.1550
159.5 22.1341
159.5 22.1124
159.6 22.0940
159.6 22.0924
159.6 22.1187
159.7 22.0934
159.7 22.1046
159.7 22.1367
159.8 21.9925
159.8 22.0880
159.9 22.0532
159.9 22.0706
159.9 22.0958
160.0 22.1225
160.0 22.1126
160.0 22.1459
160.1 22.1540
160.1 22.1593
160.1 22.1716
160.2 22.2049
160.2 22.1865
160.2 22.1362
160.3 22.1904
160.3 22.2441
160.3 22.2248
160.4 22.2452
160.4 22.2320
160.4 22.3036
160.5 22.2847
160.5 22.2127
160.5 22.1871
160.6 22.2263
160.6 22.2424
160.6 22.2300
160.7 22.2655
160.7 22.2205
160.7 22.3276
160.8 22.2097
160.8 22.2642
160.9 22.3093
160.9 22.3639
160.9 22.3595
161.0 22.2992
161.0 22.2903
161.0 22.3179
161.1 22.2709
161.1 22.2569
161.1 22.2909
161.2 22.2749
161.2 22.2737
161.2 22.2943
161.3 22.2731
161.3 22.3101
161.3 22.2557
161.4 22.2444
161.4 22.2675
161.5 22.2114
161.5 22.2215
161.5 22.2489
161.6 22.2318
161.6 22.2865
161.6 22.2670
161.7 22.2788
161.7 22.2327
161.7 22.2175
161.8 22.1249
161.8 22.1704
161.8 22.2499
161.9 22.2660
161.9 22.2899
161.9 22.2598
162.0 22.3172
162.0 22.1985
162.0 22.3080
162.1 22.3004
162.1 22.3092
162.1 22.3431
162.2 22.4008
162.2 22.3668
162.3 22.3588
162.3 22.3599
162.3 22.3729
162.4 22.3560
162.4 22.3441
162.4 22.3869
162.5 22.3942
162.5 22.3315
162.5 22.3599
162.6 22.3911
162.6 22.3256
162.6 22.3275
162.7 22.3221
162.7 22.3688
162.7 22.3251
162.8 22.3097
162.8 22.3339
162.9 22.3875
162.9 22.3615
162.9 22.3801
163.0 22.3201
163.0 22.3405
163.0 22.3922
163.1 22.4058
163.1 22.3409
163.1 22.3786
163.2 22.3862
163.2 22.3278
163.2 22.3230
163.3 22.3186
163.3 22.2728
163.3 22.2326
163.4 22.2412
163.4 22.1911
163.4 22.2404
163.5 22.1767
163.5 22.1986
163.5 22.1884
163.6 22.2163
163.6 22.0911
163.6 22.1914
163.7 22.2233
163.7 22.1915
163.8 22.1634
163.8 22.1217
163.8 22.2402
163.9 22.2052
163.9 22.2180
163.9 22.1999
164.0 22.1695
164.0 22.1475
164.1 22.1162
164.1 22.1198
164.1 22.2620
164.2 22.2354
164.2 22.3198
164.2 22.3207
164.3 22.2602
164.3 22.2470
164.3 22.3374
164.4 22.3740
164.4 22.4096
164.4 22.3768
164.5 22.3526
164.5 22.2722
164.5 22.2607
164.6 22.3360
164.6 22.3690
164.7 22.3251
164.7 22.2563
164.7 22.3652
164.8 22.2702
164.8 22.2289
164.8 22.1738
164.9 22.1249
164.9 22.1648
164.9 22.1746
165.0 22.1880
165.0 22.2553
165.0 22.3259
165.1 22.3576
165.1 22.3166
165.1 22.3021
165.2 22.2460
165.2 22.3014
165.3 22.3119
165.3 22.2529
165.3 22.3779
165.4 22.2742
165.4 22.2968
165.4 22.3624
165.5 22.2963
165.5 22.2942
165.6 22.2731
165.6 22.2701
165.6 22.2949
165.6 22.3147
165.7 22.2810
165.7 22.3117
165.8 22.3326
165.8 22.2377
165.8 22.2327
165.9 22.2482
165.9 22.2696
165.9 22.2818
166.0 22.2520
166.0 22.2476
166.0 22.2500
166.1 22.2081
166.1 22.2664
166.1 22.2492
166.2 22.2183
166.2 22.2280
166.2 22.1831
166.3 22.1217
166.3 22.1299
166.3 22.1587
166.4 22.1493
166.4 22.1579
166.4 22.1694
166.5 22.1486
166.5 22.0660
166.5 21.9874
166.6 21.9804
166.6 21.9270
166.6 21.9535
166.7 21.9508
166.7 22.0209
166.7 22.0607
166.8 22.1587
166.8 22.1251
166.8 22.1188
166.9 22.0615
166.9 22.1270
167.0 22.1146
167.0 22.1229
167.0 22.1329
167.1 22.1213
167.1 22.1928
167.1 22.1299
167.2 22.1351
167.2 22.1174
167.2 22.1946
167.3 22.2546
167.3 22.3001
167.3 22.3301
167.4 22.3209
167.4 22.3046
167.4 22.2781
167.5 22.3104
167.5 22.3067
167.5 22.2577
167.6 22.2435
167.6 22.2111
167.7 22.2289
167.7 22.1921
167.7 22.1963
167.8 22.2574
167.8 22.2038
167.8 22.1883
167.9 22.2544
167.9 22.2047
167.9 22.1575
168.0 22.1443
168.0 22.0901
168.0 22.1479
168.1 22.1534
168.1 22.1575
168.2 22.1424
168.2 22.1998
168.2 22.1571
168.2 22.1655
168.3 22.2093
168.3 22.2514
168.3 22.2812
168.4 22.2978
168.4 22.3199
168.5 22.3720
168.5 22.3818
168.5 22.3999
168.6 22.4071
168.6 22.3678
168.6 22.2884
168.7 22.3690
168.7 22.3568
168.7 22.2832
168.8 22.2145
168.8 22.2101
168.8 22.2499
168.9 22.3117
168.9 22.2515
168.9 22.2164
169.0 22.2473
169.0 22.2399
169.0 22.2334
169.1 22.2512
169.1 22.1869
169.2 22.1359
169.2 22.2071
169.2 22.2283
169.3 22.2226
169.3 22.2373
169.3 22.2027
169.4 22.1841
169.4 22.1743
169.5 22.1202
169.5 22.1848
169.5 22.2553
169.6 22.2318
169.6 22.2668
169.6 22.2731
169.7 22.2607
169.7 22.2568
169.7 22.2155
169.8 22.2305
169.8 22.2199
169.8 22.2853
169.9 22.2842
169.9 22.2997
169.9 22.2797
170.0 22.3202
170.0 22.2808
170.0 22.3069
170.1 22.2797
170.1 22.1441
170.2 22.1852
170.2 22.2086
170.2 22.1912
170.3 22.1658
170.3 22.2004
170.3 22.2015
170.4 22.2495
170.4 22.2137
170.4 22.1886
170.5 22.1216
170.5 22.1195
170.5 22.0484
170.6 22.0992
170.6 22.1747
170.6 22.2195
170.7 22.1979
170.7 22.2801
170.7 22.3073
170.8 22.3336
170.8 22.2991
170.8 22.4039
170.9 22.3258
170.9 22.3720
170.9 22.2436
171.0 22.2471
171.0 22.2023
171.0 22.1952
171.1 22.1773
171.1 22.1593
171.1 22.1834
171.2 22.2036
171.2 22.1968
171.3 22.1800
171.3 22.1782
171.3 22.1545
171.4 22.1271
171.4 22.1460
171.4 22.1422
171.5 22.1135
171.5 22.1298
171.5 22.0949
171.6 22.0520
171.6 21.9966
171.6 22.0481
171.7 22.0535
171.7 22.1001
171.8 22.0383
171.8 22.0879
171.8 22.1123
171.9 22.1028
171.9 22.1207
171.9 22.0637
172.0 22.0693
172.0 22.1261
172.0 22.1537
172.1 22.0989
172.1 22.0938
172.1 22.0590
172.2 22.0142
172.2 22.0412
172.3 22.0300
172.3 22.0259
172.3 22.0148
172.4 22.0629
172.4 22.0113
172.5 21.9914
172.5 21.9670
172.5 21.9281
172.6 21.8997
172.6 22.0092
172.6 21.9867
172.7 22.0069
172.7 21.9564
172.7 21.9892
172.8 21.9489
172.8 21.9046
172.9 21.9266
172.9 22.0060
172.9 21.9201
173.0 21.8844
173.0 21.9719
173.0 21.9832
173.1 21.9942
173.1 21.9980
173.1 22.0043
173.2 21.9812
173.2 21.9804
173.2 22.0270
173.3 21.9722
173.3 21.9549
173.4 21.9896
173.4 21.9499
173.4 21.9976
173.5 21.9588
173.5 21.8883
173.5 21.9223
173.6 21.9371
173.6 21.9556
173.6 22.0187
173.7 21.9949
173.7 21.9394
173.7 21.9757
173.8 21.9844
173.8 21.9889
173.8 22.0123
173.9 22.0678
173.9 22.0370
173.9 21.9994
174.0 22.0326
174.0 22.0127
174.0 21.9600
174.1 21.9881
174.1 22.0162
174.2 21.9973
174.2 22.0139
174.2 22.0122
174.3 22.0493
174.3 22.0610
174.3 22.0415
174.4 22.0425
174.4 22.0266
174.4 22.0468
174.5 21.9995
174.5 21.9843
174.5 21.9936
174.6 22.0005
174.6 22.0109
174.7 22.0673
174.7 22.0127
174.7 22.0239
174.8 22.0403
174.8 22.0544
174.8 22.0582
174.9 22.0193
174.9 22.0519
174.9 22.0601
175.0 22.0460
175.0 22.0655
175.0 22.0715
175.1 22.0930
175.1 22.1807
175.1 22.0892
175.2 22.0510
175.2 22.0435
175.3 22.0659
175.3 22.1108
175.3 22.1090
175.4 22.1200
175.4 22.1189
175.4 22.1098
175.5 22.1018
175.5 22.1532
175.5 22.1703
175.6 22.2374
175.6 22.2774
175.6 22.2501
175.7 22.2467
175.7 22.2293
175.7 22.2445
175.8 22.2823
175.8 22.2977
175.9 22.2326
175.9 22.3034
175.9 22.2100
176.0 22.2698
176.0 22.2481
176.0 22.2663
176.1 22.2623
176.1 22.3051
176.1 22.3128
176.2 22.3559
176.2 22.2679
176.2 22.3092
176.3 22.2658
176.3 22.2947
176.3 22.2852
176.4 22.2289
176.4 22.2318
176.4 22.2128
176.5 22.1825
176.5 22.2345
176.5 22.1597
176.6 22.1971
176.6 22.2165
176.7 22.1892
176.7 22.1389
176.7 22.0991
176.7 22.0800
176.8 22.0262
176.8 22.0639
176.9 22.1141
176.9 22.0817
176.9 22.1041
177.0 22.1220
177.0 22.0987
177.0 22.0362
177.1 22.0531
177.1 22.0144
177.1 22.0909
177.2 22.0799
177.2 22.0546
177.2 22.0582
177.3 22.0294
177.3 22.0864
177.3 22.2287
177.4 22.1780
177.4 22.2031
177.4 22.2145
177.5 22.2005
177.5 22.2496
177.6 22.2538
177.6 22.2535
177.6 22.2457
177.7 22.2555
177.7 22.3018
177.7 22.3222
177.8 22.2701
177.8 22.2487
177.8 22.2547
177.9 22.2804
177.9 22.2410
177.9 22.2483
178.0 22.2571
178.0 22.2243
178.0 22.2234
178.1 22.2793
178.1 22.2876
178.1 22.2866
178.2 22.3409
178.2 22.3136
178.3 22.3128
178.3 22.3679
178.3 22.3616
178.4 22.3699
178.4 22.3632
178.4 22.2842
178.5 22.1838
178.5 22.1628
178.5 22.1536
178.6 22.1586
178.6 22.0041
178.6 21.9870
178.7 21.9212
178.7 21.9650
178.8 21.9084
178.8 21.9320
178.8 21.9195
178.9 21.9187
178.9 21.8986
178.9 21.9187
179.0 21.8949
179.0 21.9085
179.0 21.9562
179.1 21.9187
179.1 21.9528
179.2 21.9908
179.2 21.9929
179.2 21.9904
179.3 21.9952
179.3 22.0248
179.3 22.0115
179.4 22.0279
179.4 22.0801
179.4 22.0514
179.5 22.0796
179.5 22.1248
179.5 22.1719
179.6 22.2345
179.6 22.2215
179.6 22.2963
179.7 22.2235
179.7 22.3876
179.7 22.3514
179.8 22.3632
179.8 22.4155
179.8 22.4030
179.9 22.3928
179.9 22.3883
179.9 22.3958
180.0 22.4076
180.0 22.4503
180.1 22.4369
180.1 22.4015
180.1 22.3515
180.2 22.3807
180.2 22.3563
180.2 22.3236
180.3 22.3248
180.3 22.2728
180.3 22.3247
180.4 22.3667
180.4 22.4686
180.5 22.4869
180.5 22.5658
180.5 22.5543
180.6 22.5756
180.6 22.5690
180.6 22.5027
180.7 22.4590
180.7 22.4593
180.7 22.5039
180.8 22.4998
180.8 22.4973
180.9 22.3988
180.9 22.4417
180.9 22.4447
181.0 22.4525
181.0 22.4475
181.0 22.4915
181.1 22.4820
181.1 22.5397
181.1 22.4977
181.2 22.5442
181.2 22.5072
181.2 22.5423
181.3 22.5231
181.3 22.5009
181.3 22.5078
181.4 22.4776
181.4 22.4650
181.4 22.5207
181.5 22.4497
181.5 22.4670
181.5 22.4213
181.6 22.4390
181.6 22.4911
181.6 22.4049
181.7 22.4331
181.7 22.4542
181.7 22.4522
181.8 22.5325
181.8 22.5528
181.8 22.5148
181.9 22.6265
181.9 22.6607
182.0 22.7049
182.0 22.6425
182.0 22.6137
182.1 22.6478
182.1 22.6957
182.1 22.6626
182.2 22.6339
182.2 22.6078
182.2 22.6239
182.3 22.5844
182.3 22.6883
182.3 22.6281
182.4 22.5602
182.4 22.5696
182.4 22.5701
182.5 22.5393
182.5 22.5367
182.5 22.5140
182.6 22.5340
182.6 22.5355
182.6 22.5344
182.7 22.4894
182.7 22.4067
182.7 22.4074
182.8 22.4050
182.8 22.3922
182.8 22.4964
182.9 22.4578
182.9 22.4673
182.9 22.3881
183.0 22.4546
183.0 22.4270
183.0 22.4724
183.1 22.4539
183.1 22.4575
183.1 22.4419
183.2 22.4706
183.2 22.4933
183.3 22.4810
183.3 22.4097
183.3 22.4565
183.4 22.4049
183.4 22.4251
183.4 22.5095
183.5 22.4608
183.5 22.4172
183.5 22.3778
183.6 22.4333
183.6 22.4287
183.7 22.5165
183.7 22.3997
183.7 22.4269
183.8 22.4255
183.8 22.3864
183.8 22.4038
183.9 22.4674
183.9 22.3869
183.9 22.4526
184.0 22.5306
184.0 22.5090
184.0 22.5180
184.1 22.5234
184.1 22.5567
184.1 22.5051
184.2 22.5104
184.2 22.5186
184.3 22.5443
184.3 22.4764
184.3 22.4432
184.4 22.4289
184.4 22.4107
184.4 22.4311
184.5 22.2765
184.5 22.2332
184.5 22.2153
184.6 22.1906
184.6 22.1819
184.6 22.2444
184.7 22.2428
184.7 22.1888
184.7 22.1966
184.8 22.1481
184.8 22.1895
184.8 22.2572
184.9 22.2743
184.9 22.2580
184.9 22.3554
185.0 22.4244
185.0 22.4081
185.1 22.4281
185.1 22.4219
185.1 22.3810
185.2 22.4561
185.2 22.4329
185.2 22.4203
185.3 22.3871
185.3 22.4570
185.3 22.4667
185.4 22.4716
185.4 22.4779
185.4 22.4199
185.5 22.5010
185.5 22.5192
185.5 22.5666
185.6 22.5764
185.6 22.6000
185.6 22.5598
185.7 22.6440
185.7 22.6124
185.7 22.5386
185.8 22.5634
185.8 22.5735
185.8 22.5283
185.9 22.5154
185.9 22.5557
186.0 22.6153
186.0 22.5483
186.0 22.5898
186.1 22.6031
186.1 22.5653
186.1 22.5235
186.2 22.6597
186.2 22.6003
186.2 22.5184
186.3 22.6250
186.3 22.5702
186.3 22.5072
186.4 22.5182
186.4 22.4608
186.5 22.4720
186.5 22.4165
186.5 22.4229
186.6 22.3799
186.6 22.4195
186.6 22.4432
186.7 22.4589
186.7 22.4245
186.7 22.4412
186.8 22.4425
186.8 22.3987
186.8 22.4806
186.9 22.4621
186.9 22.3918
186.9 22.3539
187.0 22.3537
187.0 22.3058
187.0 22.3720
187.1 22.3536
187.1 22.3265
187.1 22.3545
187.2 22.3773
187.2 22.3538
187.2 22.4029
187.3 22.3814
187.3 22.4219
187.3 22.4288
187.4 22.4219
187.4 22.4298
187.4 22.3710
187.5 22.4557
187.5 22.5211
187.5 22.4535
187.6 22.4222
187.6 22.3652
187.6 22.3395
187.7 22.3668
187.7 22.3857
187.8 22.3273
187.8 22.3835
187.8 22.3817
187.9 22.2961
187.9 22.2518
187.9 22.3149
188.0 22.2303
188.0 22.3662
188.0 22.3769
188.1 22.3377
188.1 22.3680
188.1 22.3708
188.2 22.3171
188.2 22.3528
188.2 22.2913
188.3 22.2693
188.3 22.3127
188.4 22.3202
188.4 22.2956
188.4 22.2739
188.5 22.2969
188.5 22.2930
188.5 22.2551
188.6 22.2496
188.6 22.2454
188.6 22.1700
188.7 22.2451
188.7 22.3118
188.7 22.2017
188.8 22.2013
188.8 22.2881
188.9 22.2560
188.9 22.2917
188.9 22.2787
189.0 22.2468
189.0 22.2473
189.0 22.2267
189.1 22.1878
189.1 22.1743
189.1 22.2209
189.2 22.1807
189.2 22.2808
189.2 22.2203
189.3 22.1212
189.3 22.1435
189.3 22.0676
189.4 22.0221
189.4 22.0636
189.5 22.1029
189.5 22.1089
189.5 22.1665
189.6 22.2580
189.6 22.2388
189.6 22.2457
189.7 22.2644
189.7 22.3181
189.7 22.2090
189.8 22.1873
189.8 22.1661
189.8 22.2253
189.9 22.2134
189.9 22.2622
189.9 22.2525
190.0 22.2884
190.0 22.3084
190.0 22.3110
190.1 22.3307
190.1 22.3163
190.1 22.3201
190.2 22.3172
190.2 22.3241
190.2 22.2670
190.3 22.1814
190.3 22.2046
190.4 22.2268
190.4 22.2076
190.4 22.2408
190.5 22.1905
190.5 22.1444
190.5 22.1810
190.6 22.1527
190.6 22.1333
190.7 22.2078
190.7 22.2015
190.7 22.1856
190.8 22.1456
190.8 22.2178
190.8 22.1286
190.9 22.1956
190.9 22.2198
190.9 22.1865
191.0 22.2349
191.0 22.3004
191.0 22.2297
191.1 22.3402
191.1 22.3395
191.1 22.2588
191.2 22.2136
191.2 22.2780
191.3 22.3232
191.3 22.3305
191.3 22.3286
191.4 22.3003
191.4 22.3395
191.4 22.2962
191.5 22.3812
191.5 22.3771
191.5 22.2886
191.6 22.2639
191.6 22.3120
191.6 22.3610
191.7 22.3695
191.7 22.3676
191.7 22.3442
191.8 22.3504
191.8 22.3318
191.8 22.4646
191.9 22.4151
191.9 22.3533
191.9 22.4516
192.0 22.4543
192.0 22.4327
192.0 22.4757
192.1 22.4557
192.1 22.5026
192.1 22.5154
192.2 22.5246
192.2 22.5218
192.2 22.5589
192.3 22.5926
192.3 22.5364
192.3 22.5703
192.4 22.5820
192.4 22.5863
192.4 22.5756
192.5 22.5738
192.5 22.4958
192.6 22.3929
192.6 22.3791
192.6 22.4011
192.7 22.4039
192.7 22.4070
192.7 22.4266
192.8 22.4559
192.8 22.4149
192.8 22.3221
192.9 22.2621
192.9 22.2851
192.9 22.2103
193.0 22.1896
193.0 22.2035
193.0 22.1936
193.1 22.2446
193.1 22.2735
193.1 22.2273
193.2 22.2606
193.2 22.3462
193.2 22.3731
193.3 22.2613
193.3 22.3549
193.3 22.4035
193.4 22.3781
193.4 22.3871
193.4 22.3810
193.5 22.3027
193.5 22.3562
193.5 22.3827
193.6 22.3311
193.6 22.3699
193.7 22.4070
193.7 22.4011
193.7 22.4256
193.8 22.4305
193.8 22.4817
193.8 22.4241
193.9 22.4633
193.9 22.5154
193.9 22.5489
194.0 22.5201
194.0 22.4869
194.0 22.4574
194.1 22.4864
194.1 22.5212
194.1 22.4484
194.2 22.4440
194.2 22.4811
194.2 22.3893
194.3 22.4314
194.3 22.4494
194.3 22.4950
194.4 22.5002
194.4 22.4763
194.4 22.4626
194.4 22.4372
194.5 22.4469
194.5 22.4239
194.6 22.4067
194.6 22.3368
194.6 22.3982
194.7 22.3402
194.7 22.3144
194.7 22.3540
194.8 22.3123
194.8 22.2740
194.9 22.2039
194.9 22.2441
194.9 22.2985
195.0 22.3242
195.0 22.1468
195.0 22.1110
195.1 22.1941
195.1 22.1987
195.1 22.2124
195.2 22.2638
195.2 22.2322
195.3 22.2256
195.3 22.1883
195.3 22.2748
195.4 22.2883
195.4 22.3075
195.4 22.3170
195.5 22.3055
195.5 22.3394
195.5 22.2738
195.6 22.3288
195.6 22.3187
195.6 22.2607
195.7 22.2285
195.7 22.2670
195.8 22.2416
195.8 22.2053
195.8 22.1991
195.9 22.2253
195.9 22.1627
195.9 22.1582
196.0 22.1339
196.0 22.0776
196.0 22.1109
196.1 22.1542
196.1 22.1508
196.1 22.1574
196.2 22.1511
196.2 22.1717
196.2 22.1382
196.3 22.2698
196.3 22.1903
196.4 22.1640
196.4 22.2257
196.4 22.1247
196.5 22.1088
196.5 22.0929
196.5 22.0333
196.6 22.0774
196.6 22.1736
196.6 22.1455
196.7 22.0940
196.7 22.1386
196.7 22.1185
196.8 22.0880
196.8 22.0687
196.8 22.0912
196.9 22.0788
196.9 22.0992
196.9 22.1270
197.0 22.0910
197.0 22.1045
197.0 22.0873
197.1 22.1254
197.1 22.0613
197.2 22.0598
197.2 22.0388
197.2 21.9760
197.3 22.0111
197.3 22.0282
197.3 21.9748
197.4 21.9893
197.4 22.0157
197.4 22.0358
197.5 22.0611
197.5 22.0369
197.5 21.9478
197.6 22.0481
197.6 22.0001
197.6 21.9537
197.7 21.9113
197.7 21.9540
197.8 22.0056
197.8 21.9944
197.8 22.0318
197.8 21.9961
197.9 22.0456
197.9 22.0626
198.0 22.1043
198.0 22.1146
198.0 22.1481
198.1 22.1583
198.1 22.1928
198.1 22.1498
198.2 22.1656
198.2 22.1775
198.2 22.1739
198.3 22.1314
198.3 22.1728
198.3 22.1143
198.4 22.0230
198.4 21.9523
198.4 22.0396
198.5 22.2122
198.5 22.3036
198.5 22.3106
198.6 22.2827
198.6 22.2573
198.6 22.3067
198.7 22.2858
198.7 22.2587
198.8 22.2971
198.8 22.2818
198.8 22.3238
198.9 22.2736
198.9 22.3153
198.9 22.3031
199.0 22.2741
199.0 22.2348
199.0 22.1484
199.1 22.0391
199.1 22.1162
199.2 22.0056
199.2 22.0622
199.2 21.9368
199.2 21.9607
199.3 22.0152
199.3 22.0847
199.4 22.0822
199.4 22.0837
199.4 22.0897
199.5 22.0925
199.5 22.0992
199.5 22.0943
199.6 22.1038
199.6 22.1246
199.6 22.1763
199.7 22.2009
199.7 22.1466
199.7 22.2289
199.8 22.1693
199.8 22.1539
199.8 22.0898
199.9 22.1222
199.9 22.1964
199.9 22.1905
200.0 22.2492
200.0 22.2555
200.0 22.2220
200.1 22.2760
200.1 22.2162
200.1 22.2777
200.2 22.3012
200.2 22.3302
200.2 22.3195
200.3 22.3593
200.3 22.3354
200.3 22.3637
200.4 22.3933
200.4 22.4070
200.4 22.3876
200.5 22.3744
200.5 22.3344
200.5 22.3122
200.6 22.2948
200.6 22.2607
200.6 22.2464
200.7 22.2062
200.7 22.2315
200.7 22.2575
200.8 22.1971
200.8 22.2193
200.8 22.1760
200.9 22.2145
200.9 22.2127
200.9 22.1871
201.0 22.2014
201.0 22.1472
201.1 22.1586
201.1 22.1545
201.1 22.1640
201.2 22.1577
201.2 22.2140
201.2 22.2086
201.3 22.1326
201.3 22.1162
201.3 22.0983
201.4 21.9716
201.4 21.9852
201.4 21.9367
201.5 21.9780
201.5 22.0206
201.5 22.0510
201.6 22.0610
201.6 22.0752
201.6 22.1535
201.7 22.1361
201.7 22.1810
201.8 22.2480
201.8 22.2156
201.8 22.2317
201.9 22.2454
201.9 22.3133
201.9 22.3081
202.0 22.2707
202.0 22.2521
202.0 22.2538
202.1 22.2347
202.1 22.2054
202.1 22.2360
202.2 22.2699
202.2 22.4746
202.2 22.6740
202.3 22.6623
202.3 22.6331
202.3 22.6742
202.4 22.6933
202.4 22.6590
202.4 22.6769
202.5 22.6917
202.5 22.7055
202.5 22.6577
202.6 22.6998
202.6 22.6835
202.6 22.7591
202.7 22.6494
202.7 22.7232
202.7 22.7246
202.8 22.6917
202.8 22.6750
202.9 22.6605
202.9 22.6785
202.9 22.6449
202.9 22.6201
203.0 22.5830
203.0 22.5156
203.1 22.5660
203.1 22.5418
203.1 22.5681
203.2 22.5402
203.2 22.6027
203.2 22.5669
203.3 22.5960
203.3 22.6204
203.3 22.6958
203.4 22.6146
203.4 22.5840
203.5 22.5790
203.5 22.5154
203.5 22.5947
203.6 22.5963
203.6 22.5865
203.6 22.4559
203.7 22.5112
203.7 22.5604
203.7 22.5677
203.8 22.6439
203.8 22.6035
203.8 22.5869
203.9 22.5859
203.9 22.6305
203.9 22.6000
204.0 22.6482
204.0 22.7406
204.0 22.6510
204.1 22.7140
204.1 22.6819
204.1 22.7095
204.2 22.6651
204.2 22.6852
204.2 22.6207
204.2 22.6599
204.3 22.6000
204.3 22.5933
204.4 22.6044
204.4 22.6189
204.4 22.6376
204.5 22.6245
204.5 22.6462
204.5 22.6750
204.6 22.6770
204.6 22.6567
204.6 22.6937
204.7 22.6750
204.7 22.5940
204.7 22.6688
204.8 22.6395
204.8 22.5807
204.8 22.5881
204.9 22.5520
204.9 22.5953
204.9 22.5670
205.0 22.5892
205.0 22.5621
205.0 22.5335
205.1 22.5894
205.1 22.5860
205.1 22.5763
205.2 22.5750
205.2 22.6359
205.2 22.6084
205.3 22.6707
205.3 22.6891
205.3 22.7562
205.4 22.7744
205.4 22.8114
205.4 22.7651
205.5 22.7418
205.5 22.6987
205.6 22.6898
205.6 22.7902
205.6 22.8412
205.7 22.7822
205.7 22.7032
205.7 22.6518
205.8 22.6035
205.8 22.6239
205.8 22.6910
205.9 22.7135
205.9 22.6899
205.9 22.7822
206.0 22.7869
206.0 22.7179
206.0 22.7823
206.1 22.8470
206.1 22.7448
206.1 22.7847
206.2 22.7924
206.2 22.7521
206.3 22.7626
206.3 22.7962
206.3 22.7195
206.4 22.6826
206.4 22.7714
206.4 22.8486
206.5 22.7673
206.5 22.7753
206.5 22.7795
206.6 22.7625
206.6 22.7777
206.6 22.7805
206.7 22.7824
206.7 22.7204
206.7 22.7378
206.8 22.7072
206.8 22.7361
206.8 22.7243
206.9 22.7054
206.9 22.6898
206.9 22.7729
207.0 22.7354
207.0 22.7290
207.0 22.7750
207.1 22.7717
207.1 22.7784
207.1 22.7912
207.2 22.7424
207.2 22.7831
207.2 22.6878
207.3 22.6588
207.3 22.7068
207.3 22.7171
207.4 22.6905
207.4 22.6711
207.4 22.7578
207.5 22.7115
207.5 22.7384
207.6 22.7824
207.6 22.7873
207.6 22.7653
207.7 22.7705
207.7 22.7337
207.7 22.7239
207.8 22.7244
207.8 22.7546
207.8 22.7470
207.9 22.7136
207.9 22.6893
207.9 22.7499
208.0 22.7268
208.0 22.7463
208.0 22.7420
208.1 22.6874
208.1 22.6578
208.1 22.7185
208.2 22.6612
208.2 22.6464
208.2 22.6246
208.3 22.5552
208.3 22.6038
208.3 22.6173
208.4 22.5648
208.4 22.2381
208.4 22.2468
208.5 22.1761
208.5 22.1162
208.5 22.0856
208.6 22.1113
208.6 22.0647
208.6 22.0948
208.7 22.1498
208.7 22.1312
208.7 22.0625
208.8 22.1222
208.8 22.1892
208.9 22.2282
208.9 22.2270
208.9 22.2627
209.0 22.1878
209.0 22.2016
209.0 22.2305
209.1 22.1849
209.1 22.1733
209.1 22.1506
209.2 22.1429
209.2 22.1726
209.3 22.2147
209.3 22.2074
209.3 22.2116
209.4 22.1853
209.4 22.1730
209.4 22.1390
209.5 22.2180
209.5 22.1596
209.5 22.1654
209.6 22.1786
209.6 22.1903
209.6 22.2124
209.7 22.2134
209.7 22.1915
209.7 22.1983
209.8 22.1723
209.8 22.1693
209.9 22.2197
209.9 22.1205
209.9 22.0779
210.0 22.1071
210.0 22.1248
210.0 22.1255
210.1 22.1509
210.1 22.1259
210.1 22.0881
210.2 22.1188
210.2 22.1173
210.2 22.0966
210.3 22.0878
210.3 22.0814
210.3 22.0786
210.4 22.0807
210.4 22.0935
210.4 22.1409
210.5 22.0988
210.5 22.1047
210.6 22.1083
210.6 22.1229
210.6 22.1122
210.7 22.1172
210.7 22.1161
210.7 22.0196
210.8 22.0606
210.8 22.0593
210.8 22.1385
210.9 22.0431
210.9 22.0267
210.9 22.0623
211.0 22.0691
211.0 21.9933
211.0 22.0350
211.1 22.0303
211.1 22.0860
211.2 22.0033
211.2 22.0740
211.2 22.1237
211.2 22.1227
211.3 22.1392
211.3 22.2122
211.4 22.1948
211.4 22.2251
211.4 22.2047
211.5 22.1868
211.5 22.1831
211.5 22.2385
211.6 22.2351
211.6 22.2119
211.6 22.1778
211.7 22.2638
211.7 22.1811
211.7 22.1265
211.8 22.0964
211.8 22.0897
211.9 22.1427
211.9 22.1018
211.9 22.1486
212.0 22.1355
212.0 22.1790
212.0 22.0887
212.1 22.1378
212.1 22.1642
212.1 22.1481
212.2 22.1135
212.2 22.0946
212.2 22.1074
212.3 22.0427
212.3 22.1130
212.3 22.2166
212.4 22.1278
212.4 22.1375
212.4 22.1816
212.5 22.0832
212.5 22.0706
212.5 22.1379
212.6 22.0614
212.6 21.9920
212.7 22.0258
212.7 21.9766
212.7 22.0177
212.8 22.0111
212.8 21.9868
212.8 21.9521
212.9 21.9171
212.9 21.9045
212.9 21.9746
213.0 21.9853
213.0 21.9056
213.0 21.9530
213.1 21.9431
213.1 21.8910
213.2 21.9091
213.2 21.9243
213.2 21.8704
213.3 21.9374
213.3 21.8917
213.3 21.8684
213.4 21.9069
213.4 21.9104
213.4 21.9106
213.5 21.9163
213.5 21.8692
213.5 21.8830
213.6 21.8829
213.6 21.8349
213.6 21.9022
213.7 21.8735
213.7 21.9451
213.7 21.9378
213.8 21.9312
213.8 21.9553
213.9 21.9518
213.9 21.8271
213.9 21.8645
214.0 21.9405
214.0 21.9326
214.0 21.9188
214.1 21.9849
214.1 21.9731
214.1 21.8498
214.2 21.8556
214.2 21.8316
214.2 21.8111
214.3 21.8832
214.3 21.9305
214.3 21.8864
214.4 21.9022
214.4 21.9199
214.5 21.9696
214.5 21.9017
214.5 21.8703
214.6 21.7767
214.6 21.8772
214.6 21.8388
214.7 21.8472
214.7 21.8346
214.7 21.8228
214.8 21.7615
214.8 21.7575
214.9 21.8630
214.9 21.8223
214.9 21.8805
215.0 21.9445
215.0 21.9277
215.0 22.0164
215.1 21.9233
215.1 21.9889
215.1 21.9965
215.2 22.0218
215.2 21.9392
215.2 21.9952
215.3 21.9817
215.3 21.9631
215.3 21.9787
215.4 21.9794
215.4 21.9885
215.4 22.0024
215.5 22.0379
215.5 22.0264
215.6 21.9833
215.6 22.0328
215.6 21.9893
215.7 21.9890
215.7 21.9712
215.7 22.0130
215.8 22.0597
215.8 21.9831
215.8 21.9860
215.8 22.0050
215.9 21.9434
215.9 21.9508
216.0 21.9917
216.0 21.9249
216.0 21.9983
216.1 21.9638
216.1 21.9180
216.1 21.9138
216.2 21.9473
216.2 21.9234
216.2 21.9120
216.3 21.9771
216.3 21.9146
216.3 21.9672
216.4 21.9261
216.4 21.9023
216.4 21.8418
216.5 21.9153
216.5 21.9295
216.5 21.8984
216.6 21.9106
216.6 21.9277
216.7 21.9361
216.7 21.8851
216.7 21.9904
216.8 21.9731
216.8 22.0185
216.8 22.0037
216.9 21.9901
216.9 22.0040
216.9 21.9967
217.0 22.0347
217.0 21.9991
217.0 22.0702
217.1 22.0455
217.1 22.0635
217.2 22.0618
217.2 22.0494
217.2 21.9828
217.3 22.0460
217.3 22.0203
217.3 22.0007
217.4 22.0273
217.4 22.0744
217.4 22.0461
217.5 22.0985
217.5 22.1295
217.5 22.0728
217.6 22.1060
217.6 22.0835
217.7 22.0782
217.7 22.1418
217.7 22.2111
217.8 22.2600
217.8 22.2452
217.8 22.2491
217.9 22.2630
217.9 22.2629
217.9 22.3261
218.0 22.2785
218.0 22.2724
218.1 22.2960
218.1 22.2885
218.1 22.2520
218.2 22.2791
218.2 22.1768
218.2 22.2046
218.2 22.1747
218.3 22.2218
218.3 22.1955
218.3 22.2317
218.4 22.1059
218.4 22.0579
218.4 22.0541
218.5 22.0188
218.5 22.0635
218.5 21.9503
218.6 21.9767
218.6 21.9451
218.7 21.9040
218.7 21.8873
218.7 21.8924
218.8 21.9255
218.8 21.9354
218.8 21.9296
218.9 22.0043
218.9 22.0563
218.9 21.9829
219.0 22.0278
219.0 22.0556
219.1 22.0397
219.1 21.9719
219.1 22.0704
219.2 22.0567
219.2 22.1211
219.2 22.0740
219.3 22.1380
219.3 22.1663
219.4 22.2440
219.4 22.1734
219.4 22.1216
219.5 22.1377
219.5 22.1577
219.5 22.1433
219.6 22.2063
219.6 22.1499
219.6 22.0914
219.7 22.1282
219.7 22.1668
219.7 22.1789
219.8 22.1566
219.8 22.1830
219.8 22.2173
219.9 22.2273
219.9 22.2677
219.9 22.2192
220.0 22.2001
220.0 22.3196
220.0 22.3062
220.0 22.3067
220.1 22.3013
220.1 22.3276
220.2 22.2960
220.2 22.3208
220.2 22.3592
220.3 22.3093
220.3 22.3095
220.3 22.2469
220.4 22.2069
220.4 22.2306
220.4 22.2181
220.5 22.1783
220.5 22.1486
220.5 22.1449
220.6 22.0630
220.6 22.0021
220.7 22.0597
220.7 22.0594
220.7 22.1231
220.7 22.1786
220.8 22.2424
220.8 22.2360
220.9 22.2243
220.9 22.1982
220.9 22.1984
221.0 22.2036
221.0 22.2357
221.0 22.2152
221.1 22.2334
221.1 22.2092
221.1 22.1642
221.2 22.1362
221.2 22.0895
221.2 22.1640
221.3 22.1159
221.3 22.1606
221.3 22.2253
221.4 22.1986
221.4 22.1795
221.4 22.1527
221.5 22.0925
221.5 22.1017
221.5 22.0649
221.6 22.0957
221.6 22.1086
221.6 22.0576
221.7 22.0319
221.7 22.0994
221.7 22.1334
221.8 22.0948
221.8 22.0928
221.8 22.1394
221.9 22.1820
221.9 22.1803
221.9 22.2630
222.0 22.2686
222.0 22.3072
222.0 22.3380
222.1 22.4076
222.1 22.4519
222.1 22.4333
222.2 22.4238
222.2 22.4701
222.3 22.4877
222.3 22.4494
222.3 22.4472
222.4 22.3991
222.4 22.4250
222.4 22.3899
222.5 22.4165
222.5 22.4346
222.5 22.4204
222.6 22.3469
222.6 22.3345
222.7 22.2828
222.7 22.2819
222.7 22.1929
222.8 22.2478
222.8 22.2958
222.8 22.2487
222.9 22.2419
222.9 22.2943
222.9 22.3076
223.0 22.3201
223.0 22.2903
223.0 22.3830
223.1 22.4831
223.1 22.4676
223.1 22.4726
223.2 22.4958
223.2 22.4789
223.2 22.4594
223.3 22.4235
223.3 22.4443
223.3 22.3680
223.4 22.3076
223.4 22.3311
223.4 22.3149
223.5 22.2935
223.5 22.2948
223.5 22.2582
223.6 22.2858
223.6 22.3814
223.6 22.2988
223.7 22.2828
223.7 22.3086
223.8 22.3606
223.8 22.2779
223.8 22.3135
223.9 22.3075
223.9 22.2558
223.9 22.2592
224.0 22.2890
224.0 22.2559
224.0 22.1971
224.1 22.1722
224.1 22.1949
224.1 22.1598
224.2 22.2259
224.2 22.2103
224.2 22.2396
224.3 22.1762
224.3 22.2348
224.3 22.1873
224.4 22.2129
224.4 22.1567
224.4 22.2058
224.5 22.2104
224.5 22.2269
224.6 22.2515
224.6 22.1442
224.6 22.1631
224.7 22.1366
224.7 22.1452
224.7 22.1276
224.8 22.1155
224.8 22.1108
224.8 22.1025
224.9 22.0983
224.9 22.0965
225.0 22.1370
225.0 22.1211
225.0 22.1811
225.1 22.1613
225.1 22.2453
225.1 22.1998
225.2 22.2426
225.2 22.2334
225.2 22.2194
225.3 22.2474
225.3 22.2368
225.4 22.2460
225.4 22.2343
225.4 22.2095
225.5 22.2542
225.5 22.2051
225.5 22.2044
225.6 22.2276
225.6 22.2304
225.6 22.2194
225.7 22.1988
225.7 22.1670
225.7 22.1841
225.8 22.2484
225.8 22.2782
225.9 22.2634
225.9 22.2488
225.9 22.2954
226.0 22.3652
226.0 22.3897
226.0 22.4483
226.1 22.3582
226.1 22.3421
226.1 22.3862
226.2 22.3438
226.2 22.3597
226.2 22.3677
226.3 22.4302
226.3 22.4590
226.4 22.4718
226.4 22.4151
226.4 22.3522
226.5 22.3853
226.5 22.3901
226.5 22.3471
226.6 22.3007
226.6 22.2730
226.6 22.3083
226.7 22.2682
226.7 22.3795
226.7 22.3414
226.8 22.3106
226.8 22.2941
226.8 22.2890
226.9 22.3127
226.9 22.3261
226.9 22.3242
227.0 22.3668
227.0 22.3903
227.0 22.3373
227.1 22.3544
227.1 22.3588
227.1 22.3910
227.2 22.4048
227.2 22.3948
227.2 22.3591
227.3 22.3373
227.3 22.3067
227.3 22.3541
227.4 22.2994
227.4 22.2909
227.4 22.3166
227.5 22.3560
227.5 22.3689
227.5 22.4143
227.6 22.3787
227.6 22.3753
227.6 22.3405
227.7 22.4303
227.7 22.4672
227.7 22.4528
227.8 22.6304
227.8 22.5979
227.8 22.5601
227.9 22.5543
227.9 22.5476
227.9 22.4577
228.0 22.5474
228.0 22.5507
228.0 22.5414
228.1 22.5151
228.1 22.5122
228.1 22.4800
228.2 22.4954
228.2 22.5040
228.2 22.5248
228.3 22.4795
228.3 22.4616
228.3 22.4805
228.4 22.5017
228.4 22.4315
228.4 22.4005
228.5 22.3688
228.5 22.3462
228.5 22.3490
228.6 22.3065
228.6 22.2391
228.7 22.2527
228.7 22.1544
228.7 22.1245
228.8 22.1482
228.8 22.1444
228.8 22.1238
228.9 22.1581
228.9 22.1734
228.9 22.1232
229.0 22.1404
229.0 22.1691
229.0 22.1566
229.1 22.1125
229.1 22.1006
229.1 22.1157
229.2 22.1001
229.2 22.1033
229.2 22.0967
229.3 22.0691
229.3 22.0237
229.3 22.0746
229.4 22.0500
229.4 22.1104
229.5 22.0782
229.5 22.0449
229.5 22.0911
229.6 22.0861
229.6 22.0478
229.6 22.1177
229.7 22.0986
229.7 22.1187
229.7 22.0984
229.8 22.0885
229.8 22.0278
229.9 22.0944
229.9 22.1096
229.9 22.0847
230.0 22.0837
230.0 22.1090
230.0 22.0952
230.1 22.1130
230.1 22.1100
230.1 22.0628
230.2 22.0191
230.2 22.0847
230.2 22.1063
230.3 22.1644
230.3 22.0816
230.3 22.0770
230.4 22.0401
230.4 22.0739
230.4 22.0486
230.5 22.0393
230.5 22.0889
230.5 22.0824
230.6 22.0175
230.6 22.1500
230.6 22.1306
230.7 22.0628
230.7 22.1750
230.8 22.1141
230.8 22.0909
230.8 22.0153
230.9 22.0532
230.9 22.1409
230.9 22.1131
231.0 22.1566
231.0 22.1504
231.0 22.1861
231.1 22.1402
231.1 22.1734
231.2 22.1576
231.2 22.1721
231.2 22.2275
231.3 22.2527
231.3 22.2333
231.3 22.2339
231.4 22.2222
231.4 22.2389
231.4 22.2342
231.5 22.2192
231.5 22.2123
231.5 22.2374
231.6 22.2018
231.6 22.2164
231.6 22.1700
231.7 22.1010
231.7 22.1023
231.7 22.1352
231.8 22.1510
231.8 22.1419
231.9 22.1450
231.9 22.1327
231.9 22.1812
232.0 22.1787
232.0 22.1131
232.0 22.1335
232.1 22.0942
232.1 22.1338
232.1 22.1491
232.2 22.1671
232.2 22.1569
232.3 22.1446
232.3 22.1163
232.3 22.0878
232.4 22.1056
232.4 22.0517
232.4 22.0813
232.5 22.1505
232.5 22.1431
232.5 22.1298
232.6 22.1480
232.6 22.1003
232.6 22.1291
232.7 22.1569
232.7 22.1367
232.7 22.1865
232.8 22.1795
232.8 22.1746
232.8 22.1904
232.9 22.1272
232.9 22.1740
233.0 22.1098
233.0 22.1395
233.0 22.0934
233.1 22.0644
233.1 22.0014
233.1 22.1106
233.2 22.0708
233.2 22.1410
233.2 22.0653
233.3 22.0749
233.3 22.0197
233.3 21.9925
233.4 21.9681
233.4 22.0044
233.4 21.8990
233.5 21.9794
233.5 22.0380
233.5 22.0389
233.6 22.0127
233.6 22.0868
233.6 22.0470
233.7 22.0473
233.7 22.0285
233.7 22.0357
233.8 22.0749
233.8 22.0905
233.9 22.0633
233.9 22.0711
233.9 22.0500
234.0 22.0829
234.0 22.0925
234.0 22.1020
234.1 22.0890
234.1 22.0735
234.1 22.1519
234.2 22.1628
234.2 22.1288
234.2 22.1175
234.3 22.1848
234.3 22.1873
234.3 22.2203
234.4 22.2152
234.4 22.1784
234.5 22.1356
234.5 22.0979
234.5 22.1348
234.6 22.2112
234.6 22.1684
234.6 22.0923
234.7 22.1237
234.7 22.0954
234.7 22.1059
234.8 22.0164
234.8 22.0475
234.8 22.0997
234.9 22.1463
234.9 22.1404
235.0 22.0836
235.0 22.0887
235.0 22.0363
235.1 22.0636
235.1 22.0449
235.1 22.1466
235.2 22.1114
235.2 22.0318
235.2 22.0432
235.3 22.0121
235.3 22.0617
235.3 22.0603
235.4 21.9950
235.4 21.9476
235.5 21.9969
235.5 22.0435
235.5 22.0749
235.6 22.0165
235.6 22.0809
235.6 21.9899
235.7 22.0371
235.7 22.0213
235.7 22.0013
235.8 21.9742
235.8 22.0263
235.9 22.1025
235.9 22.0621
235.9 21.9915
236.0 21.9463
236.0 22.0879
236.0 21.9363
236.1 22.0626
236.1 22.1042
236.1 22.1311
236.2 22.1146
236.2 22.1746
236.2 22.1661
236.3 22.1024
236.3 22.1020
236.3 22.1944
236.4 22.2142
236.4 22.1799
236.5 22.1953
236.5 22.1325
236.5 22.2326
236.6 22.2180
236.6 22.2507
236.6 22.1954
236.7 22.2542
236.7 22.1736
236.7 22.1905
236.8 22.1308
236.8 22.1257
236.8 22.1832
236.9 22.1812
236.9 22.2222
237.0 22.1703
237.0 22.1666
237.0 22.1285
237.1 22.0826
237.1 22.1027
237.1 22.0136
237.2 22.0917
237.2 22.0815
237.2 22.0350
237.3 22.0707
237.3 22.0958
237.3 22.1314
237.4 22.1846
237.4 22.1570
237.4 22.1090
237.5 22.1341
237.5 22.0612
237.6 22.0440
237.6 22.0850
237.6 22.0147
237.7 22.0253
237.7 22.0298
237.7 22.0576
237.8 22.0860
237.8 22.0915
237.8 22.0782
237.9 22.1002
237.9 22.0993
237.9 22.0536
238.0 22.0121
238.0 22.0697
238.1 22.0889
238.1 22.1237
238.1 22.0569
238.2 22.0960
238.2 22.0651
238.2 22.0656
238.3 22.0432
238.3 22.0635
238.3 22.0964
238.4 22.1705
238.4 22.1979
238.4 22.2107
238.5 22.2055
238.5 22.0941
238.5 22.1721
238.6 22.1520
238.6 22.1549
238.6 22.2126
238.7 22.1678
238.7 22.1765
238.7 22.1668
238.8 22.1780
238.8 22.1253
238.8 22.2135
238.9 22.1507
238.9 22.1583
238.9 22.2216
239.0 22.2016
239.0 22.1024
239.1 22.0531
239.1 22.0461
239.1 21.9839
239.2 22.0683
239.2 22.0330
239.2 22.0187
239.3 21.9988
239.3 22.0210
239.3 22.0399
239.4 22.0155
239.4 22.0432
239.4 22.0074
239.5 22.0553
239.5 22.0471
239.5 22.0686
239.6 22.0686
239.6 22.0944
239.7 22.0137
239.7 22.0020
239.7 22.0682
239.8 22.1049
239.8 22.0870
239.8 22.1325
239.9 22.1444
239.9 22.0046
239.9 22.1545
240.0 22.0724
240.0 22.1605
240.0 22.1633
240.1 22.1946
240.1 22.1617
240.2 22.2659
240.2 22.2281
240.2 22.2294
240.3 22.2713
240.3 22.2609
240.3 22.2372
240.4 22.2502
240.4 22.2269
240.4 22.2358
240.5 22.2562
240.5 22.2690
240.5 22.2695
240.6 22.2405
240.6 22.2551
240.6 22.1814
240.7 22.2023
240.7 22.2087
240.8 22.1822
240.8 22.1322
240.8 22.2161
240.9 22.1930
240.9 22.1319
240.9 22.2313
241.0 22.2577
241.0 22.3483
241.1 22.2906
241.1 22.2958
241.1 22.3692
241.2 22.3842
241.2 22.3231
241.2 22.3950
241.3 22.3590
241.3 22.3788
241.3 22.3459
241.4 22.3582
241.4 22.3254
241.4 22.2855
241.5 22.3073
241.5 22.3150
241.5 22.2712
241.6 22.2762
241.6 22.2329
241.6 22.2942
241.7 22.2606
241.7 22.2653
241.7 22.2757
241.8 22.2698
241.8 22.3038
241.8 22.3204
241.9 22.3214
241.9 22.3776
242.0 22.3465
242.0 22.4332
242.0 22.4526
242.1 22.4805
242.1 22.4560
242.1 22.4385
242.2 22.4081
242.2 22.3885
242.2 22.3303
242.3 22.3400
242.3 22.3517
242.4 22.3066
242.4 22.2943
242.4 22.2864
242.5 22.2448
242.5 22.2269
242.5 22.2335
242.6 22.2562
242.6 22.1953
242.6 22.2368
242.7 22.2607
242.7 22.2906
242.7 22.2214
242.8 22.2883
242.8 22.3180
242.9 22.3163
242.9 22.3202
242.9 22.2936
243.0 22.2703
243.0 22.2656
243.0 22.4186
243.1 22.3418
243.1 22.3536
243.1 22.3185
243.2 22.3719
243.2 22.3353
243.2 22.3458
243.3 22.3349
243.3 22.3183
243.3 22.3433
243.4 22.3545
243.4 22.3214
243.4 22.2723
243.5 22.2326
243.5 22.2944
243.5 22.3118
243.6 22.2103
243.6 22.2324
243.6 22.1607
243.7 22.2533
243.7 22.2253
243.8 22.1266
243.8 22.1593
243.8 22.2059
243.9 22.2106
243.9 22.2295
243.9 22.2472
244.0 22.1728
244.0 22.1751
244.0 22.1949
244.1 22.0771
244.1 22.1171
244.1 22.1614
244.2 22.1341
244.2 22.1344
244.2 22.1553
244.3 22.1566
244.3 22.1297
244.3 22.1857
244.4 22.1819
244.4 22.1655
244.4 22.1493
244.5 22.1610
244.5 22.1721
244.6 22.2308
244.6 22.2043
244.6 22.1748
244.7 22.1761
244.7 22.1366
244.7 22.2322
244.8 22.2079
244.8 22.2079
244.8 22.2591
244.9 22.2617
244.9 22.3163
244.9 22.2673
245.0 22.2177
245.0 22.1994
245.0 22.2106
245.1 22.1541
245.1 22.1574
245.2 22.2077
245.2 22.2440
245.2 22.2465
245.3 22.2458
245.3 22.2919
245.3 22.2413
245.4 22.2779
245.4 22.2518
245.4 22.2059
245.5 22.1963
245.5 22.1655
245.5 22.1714
245.6 22.1987
245.6 22.1384
245.6 22.1555
245.7 22.1614
245.7 22.2065
245.8 22.2008
245.8 22.2001
245.8 22.1578
245.9 22.1317
245.9 22.1313
245.9 22.1118
246.0 22.1348
246.0 22.1668
246.0 22.1571
246.1 22.1291
246.1 22.1768
246.1 22.1779
246.2 22.1752
246.2 22.1606
246.2 22.1878
246.3 22.1724
246.3 22.1919
246.3 22.2050
246.4 22.2052
246.4 22.2094
246.4 22.2655
246.5 22.1782
246.5 22.2176
246.6 22.2508
246.6 22.2280
246.6 22.2459
246.7 22.2480
246.7 22.1858
246.7 22.2037
246.8 22.2919
246.8 22.2128
246.8 22.1990
246.9 22.2054
246.9 22.1869
246.9 22.2504
247.0 22.2764
247.0 22.3126
247.0 22.2389
247.1 22.2768
247.1 22.2804
247.2 22.2686
247.2 22.2565
247.2 22.3081
247.3 22.2142
247.3 22.2527
247.3 22.2605
247.4 22.1460
247.4 22.1354
247.4 22.1701
247.5 22.1555
247.5 22.0996
247.5 22.0659
247.6 22.0693
247.6 22.0603
247.7 22.1251
247.7 22.0767
247.7 22.0560
247.8 22.1316
247.8 22.0942
247.8 22.0603
247.9 22.0170
247.9 22.0622
247.9 22.0215
248.0 22.0296
248.0 22.0182
248.0 21.9411
248.1 21.9997
248.1 22.0720
248.1 22.1089
248.2 22.0490
248.2 22.0134
248.2 21.9740
248.3 21.9428
248.3 21.9550
248.4 21.9854
248.4 22.0329
248.4 22.0700
248.5 22.0415
248.5 22.0634
248.5 22.0942
248.6 21.9983
248.6 21.9878
248.6 21.9802
248.7 21.9430
248.7 21.9747
248.7 21.9743
248.8 21.9411
248.8 21.9890
248.8 21.9788
248.9 21.9659
248.9 21.9633
248.9 21.9970
249.0 22.0439
249.0 22.0374
249.0 22.1400
249.1 22.1409
249.1 22.1937
249.1 22.1743
249.2 22.2490
249.2 22.2272
249.2 22.1259
249.3 22.2286
249.3 22.2080
249.3 22.2429
249.4 22.2432
249.4 22.2678
249.4 22.1653
249.5 22.2123
249.5 22.2237
249.6 22.1948
249.6 22.1388
249.6 22.1235
249.7 22.1170
249.7 21.9905
249.7 22.0170
249.8 22.0016
249.8 21.9906
249.8 22.0348
249.9 22.0232
249.9 22.0539
249.9 22.0182
250.0 22.0771
250.0 22.0948
250.0 22.1735
250.1 22.2230
250.1 22.1990
250.2 22.1564
250.2 22.1644
250.2 22.1033
250.3 22.1040
250.3 22.0929
250.3 22.0406
250.4 22.1247
250.4 22.0146
250.4 22.0339
250.5 21.9522
250.5 21.9752
250.5 22.1156
250.6 22.2796
250.6 22.2815
250.6 22.3952
250.7 22.2926
250.7 22.2292
250.7 22.2949
250.8 22.2437
250.8 22.2837
250.8 22.3066
250.9 22.3739
250.9 22.3738
251.0 22.3756
251.0 22.3668
251.0 22.3820
251.1 22.4322
251.1 22.4280
251.1 22.3795
251.1 22.3907
251.2 22.3930
251.2 22.3815
251.3 22.3710
251.3 22.3552
251.3 22.3189
251.4 22.3524
251.4 22.3564
251.4 22.3733
251.5 22.4140
251.5 22.3685
251.5 22.3602
251.6 22.1442
251.6 22.2967
251.6 22.1898
251.7 22.1287
251.7 22.1318
251.7 22.0613
251.8 22.0628
251.8 22.1241
251.9 22.1323
251.9 22.0650
251.9 22.0520
252.0 22.0408
252.0 22.0610
252.0 22.0689
252.1 22.1540
252.1 22.1284
252.1 22.1817
252.2 22.1230
252.2 22.1530
252.2 22.1544
252.3 22.1500
252.3 22.1428
252.3 22.1337
252.4 22.1725
252.4 22.1629
252.4 22.1907
252.5 22.1867
252.5 22.1637
252.5 22.1279
252.6 22.1672
252.6 22.1267
252.7 22.1261
252.7 22.1279
252.7 22.1063
252.7 22.1793
252.8 22.1218
252.8 22.1324
252.9 22.0847
252.9 22.0711
252.9 21.9770
253.0 21.9532
253.0 21.9270
253.0 21.9807
253.1 21.9975
253.1 22.0387
253.1 22.0671
253.2 22.0627
253.2 22.0987
253.2 22.1203
253.3 22.0946
253.3 22.0800
253.3 22.0556
253.4 22.0436
253.4 22.0661
253.4 22.1363
253.5 22.1298
253.5 22.0223
253.6 22.0362
253.6 22.0017
253.6 22.0008
253.7 22.0524
253.7 22.1208
253.7 22.0320
253.8 22.0866
253.8 22.0514
253.8 22.1677
253.9 22.1107
253.9 22.1398
253.9 22.1290
254.0 22.0992
254.0 22.0405
254.0 22.0521
254.1 22.0137
254.1 22.0339
254.1 21.9476
254.2 21.8732
254.2 21.7607
254.3 21.7054
254.3 21.7023
254.3 21.7676
270.5 0.1465
317.0 0.1152
347.4 0.1183
354.8 0.1544
371.2 0.1292
377.4 0.1747
383.4 0.1772
