111480 45.77 46.16 46.17 46.04
111481 44.65 45.03 45.03 44.90
111482 44.58 44.94 44.95 44.82
111483 44.42 44.78 44.79 44.66
111484 55.05 55.56 55.56 55.39
111485 39.71 40.10 40.11 39.97
111486 0.00 0.00 0.00 0.00
111487 41.24 41.66 41.66 41.52
111488 42.24 42.59 42.61 42.48
111489 44.39 44.78 44.79 44.65
111490 41.80 42.13 42.14 42.02
111491 41.06 41.46 41.46 41.32
111492 37.83 38.20 38.20 38.08
111493 42.87 43.20 43.24 43.11
111494 41.74 42.09 42.25 42.02
111495 13.30 12.66 12.81 12.92
111496 0.00 0.00 0.00 0.00
111497 0.76 0.00 0.00 0.25
111498 15.68 15.81 15.82 15.77
111499 37.65 37.97 38.00 37.87
111500 17.53 17.68 17.70 17.63
111501 43.49 43.86 43.90 43.75
111502 49.33 49.73 49.78 49.61
111503 43.79 44.18 44.19 44.05
111504 41.36 41.74 41.74 41.61
111505 43.19 43.53 43.51 43.41
111506 48.58 48.96 48.97 48.84
111507 49.96 50.37 50.39 50.24
111508 46.82 47.25 47.23 47.10
111509 43.06 43.41 43.43 43.30
111510 44.93 45.34 45.35 45.21
111511 49.14 49.55 49.58 49.42
111512 41.70 42.07 42.10 41.96
111513 42.78 43.11 43.14 43.01
111514 47.89 48.27 48.31 48.16
111515 43.70 44.07 44.09 43.95
111516 45.07 45.45 45.46 45.32
111517 46.32 46.71 46.72 46.58
111518 41.90 42.20 42.25 42.12
111519 42.03 42.36 42.41 42.27
111520 42.42 42.74 42.79 42.65
111521 41.60 41.92 41.97 41.83
111522 46.91 47.28 47.33 47.17
111523 47.39 47.71 47.77 47.63
111524 53.07 53.46 53.54 53.36
111525 22.05 22.23 22.26 22.18
111527 1.53 1.54 1.54 1.54
111528 0.00 0.00 0.00 0.00
111529 0.00 0.00 0.00 0.00
111530 0.00 0.00 0.00 0.00
111531 54.45 54.79 54.90 54.71
111532 42.84 43.15 43.22 43.07
111533 43.14 43.48 43.54 43.39
111534 41.31 41.66 41.73 41.57
111535 42.38 42.80 42.82 42.67
111536 41.37 41.74 41.76 41.62
111537 42.81 43.17 43.19 43.06
111538 19.26 19.43 19.44 19.38
111539 41.42 41.77 41.82 41.67
111540 41.63 41.97 42.03 41.88
111541 43.58 43.89 43.92 43.79
111542 38.69 39.01 39.03 38.91
